-1 1474987373.571119 2.597772 -0.149616 -4.252825 -0.165212 -0.036827 -0.070982
-1 1474987373.580950 2.513173 -0.124906 -4.120339 -0.161133 -0.050153 -0.064247
-1 1474987373.590494 2.346422 -0.15492 -3.915168 -0.15494 -0.058883 -0.055868
-1 1474987373.600535 2.171243 -0.182201 -3.800247 -0.153611 -0.063524 -0.051733
-1 1474987373.610524 2.033128 -0.194849 -3.833431 -0.156419 -0.063207 -0.054676
-1 1474987373.620813 1.941909 -0.227333 -3.940207 -0.159573 -0.056269 -0.061387
-1 1474987373.631027 1.954329 -0.324119 -4.020325 -0.15726 -0.044123 -0.066333
-1 1474987373.640634 2.092837 -0.415003 -4.100093 -0.154682 -0.032761 -0.067582
-1 1474987373.650743 2.250496 -0.458015 -4.177883 -0.155193 -0.027243 -0.06563
-1 1474987373.660866 2.371051 -0.381405 -4.259805 -0.159295 -0.028774 -0.062633
-1 1474987373.671227 2.415279 -0.318533 -4.30215 -0.164127 -0.038284 -0.062648
-1 1474987373.681151 2.378826 -0.292673 -4.217901 -0.163879 -0.049552 -0.064449
-1 1474987373.690870 2.284932 -0.319831 -4.09379 -0.160952 -0.05824 -0.066832
-1 1474987373.701134 2.20679 -0.326911 -4.017475 -0.158951 -0.062135 -0.069267
-1 1474987373.711148 2.122866 -0.319938 -3.987661 -0.158823 -0.060398 -0.071034
-1 1474987373.721558 2.098383 -0.33496 -3.988289 -0.157271 -0.055079 -0.071832
-1 1474987373.731465 2.080205 -0.402303 -4.001487 -0.154302 -0.049771 -0.068857
-1 1474987373.741210 2.1 -0.449538 -4.050834 -0.153474 -0.045384 -0.063787
-1 1474987373.751353 2.153306 -0.424146 -4.119507 -0.155426 -0.04375 -0.059652
-1 1474987373.761522 2.206934 -0.345168 -4.1836 -0.159491 -0.045179 -0.057224
-1 1474987373.771750 2.244942 -0.246832 -4.190791 -0.161676 -0.049229 -0.057564
-1 1474987373.781854 2.223436 -0.169482 -4.149672 -0.162514 -0.054573 -0.057427
-1 1474987373.791489 2.198609 -0.154466 -4.087173 -0.160535 -0.057765 -0.056528
-1 1474987373.801527 2.152954 -0.178427 -4.021536 -0.157608 -0.059508 -0.055783
-1 1474987373.811723 2.080773 -0.23763 -3.989748 -0.155838 -0.060621 -0.054924
-1 1474987373.822045 2.006991 -0.324932 -3.990409 -0.153956 -0.059354 -0.053417
-1 1474987373.832206 1.96043 -0.427321 -4.024119 -0.152881 -0.055264 -0.052963
-1 1474987373.841880 1.992229 -0.46229 -4.129289 -0.155353 -0.050119 -0.053327
-1 1474987373.851907 2.085208 -0.458992 -4.222569 -0.158414 -0.045304 -0.05648
-1 1474987373.862096 2.173959 -0.410107 -4.256545 -0.160217 -0.043085 -0.059733
-1 1474987373.872321 2.214032 -0.350886 -4.254348 -0.161971 -0.046165 -0.061168
-1 1474987373.882442 2.262737 -0.328231 -4.218731 -0.161603 -0.051075 -0.06344
-1 1474987373.892214 2.298629 -0.332447 -4.150421 -0.159427 -0.056534 -0.066323
-1 1474987373.902201 2.245573 -0.353454 -4.052059 -0.156969 -0.061184 -0.067566
-1 1474987373.912241 2.15587 -0.3876 -3.993089 -0.155326 -0.064115 -0.068088
-1 1474987373.922686 2.10884 -0.410821 -4.019849 -0.155424 -0.063863 -0.067421
-1 1474987373.932527 2.109496 -0.425068 -4.097469 -0.156901 -0.059028 -0.066042
-1 1474987373.942418 2.155689 -0.378161 -4.163759 -0.158125 -0.052594 -0.063039
-1 1474987373.952732 2.180906 -0.351022 -4.185504 -0.158278 -0.047754 -0.059422
-1 1474987373.962517 2.186521 -0.338899 -4.175652 -0.158756 -0.045797 -0.058058
-1 1474987373.972954 2.213848 -0.305372 -4.17729 -0.161059 -0.047516 -0.058637
-1 1474987373.982952 2.269134 -0.271735 -4.158543 -0.161047 -0.050573 -0.060711
-1 1474987373.992657 2.271329 -0.256133 -4.108534 -0.160321 -0.053252 -0.062529
-1 1474987374.002793 2.202338 -0.256753 -4.046485 -0.1581 -0.054527 -0.060884
-1 1474987374.012922 2.083927 -0.299574 -4.015359 -0.156624 -0.055066 -0.058428
-1 1474987374.023216 2.006644 -0.345955 -4.027801 -0.155919 -0.053558 -0.058024
-1 1474987374.033036 1.987618 -0.365223 -4.075476 -0.156745 -0.050537 -0.056967
-1 1474987374.042996 2.069544 -0.352061 -4.121447 -0.157198 -0.046125 -0.056583
-1 1474987374.053108 2.173107 -0.303869 -4.156057 -0.158857 -0.043576 -0.057096
-1 1474987374.063105 2.232348 -0.240199 -4.182428 -0.161766 -0.045523 -0.058524
-1 1474987374.073440 2.216275 -0.244362 -4.180212 -0.163292 -0.051512 -0.061436
-1 1474987374.083454 2.219291 -0.269435 -4.122082 -0.161531 -0.056117 -0.065196
-1 1474987374.093205 2.197028 -0.333687 -4.029373 -0.157595 -0.057922 -0.06818
-1 1474987374.103527 2.204183 -0.339527 -3.980506 -0.155825 -0.056906 -0.069864
-1 1474987374.113372 2.194298 -0.365652 -3.987914 -0.155352 -0.054505 -0.071267
-1 1474987374.123789 2.178168 -0.399107 -4.021506 -0.154934 -0.050786 -0.070456
-1 1474987374.133815 2.171228 -0.43895 -4.060489 -0.1543 -0.047743 -0.067957
-1 1474987374.143570 2.154177 -0.440132 -4.107554 -0.154798 -0.047203 -0.063008
-1 1474987374.153837 2.163217 -0.359704 -4.143639 -0.156871 -0.046348 -0.056879
-1 1474987374.163642 2.172052 -0.321618 -4.160106 -0.158331 -0.046512 -0.05516
-1 1474987374.174112 2.19029 -0.319875 -4.142997 -0.1578 -0.048128 -0.057225
-1 1474987374.184125 2.178874 -0.339109 -4.109045 -0.156295 -0.049489 -0.059085
-1 1474987374.193892 2.167751 -0.340447 -4.092082 -0.157167 -0.050862 -0.062053
-1 1474987374.203994 2.144162 -0.359011 -4.112034 -0.158735 -0.053344 -0.065185
-1 1474987374.214021 2.173481 -0.31539 -4.133212 -0.159613 -0.053318 -0.065072
-1 1474987374.224375 2.194383 -0.281512 -4.108215 -0.15839 -0.051569 -0.062575
-1 1474987374.234495 2.21257 -0.264438 -4.090945 -0.157625 -0.050092 -0.059697
-1 1474987374.244223 2.199426 -0.259581 -4.098774 -0.158376 -0.050905 -0.058821
-1 1474987374.254375 2.158482 -0.210021 -4.106999 -0.160591 -0.05169 -0.058566
-1 1474987374.264424 2.152816 -0.238386 -4.092897 -0.160734 -0.052511 -0.063374
-1 1474987374.274845 2.188979 -0.226812 -4.102465 -0.161078 -0.054908 -0.065948
-1 1474987374.284777 2.228391 -0.265119 -4.112622 -0.160346 -0.056171 -0.069796
-1 1474987374.294731 2.346901 -0.294059 -4.122988 -0.157643 -0.054559 -0.070576
-1 1474987374.304715 2.367976 -0.324127 -4.055887 -0.151943 -0.055654 -0.065358
-1 1474987374.314871 2.215346 -0.390564 -3.984544 -0.149721 -0.058037 -0.059123
-1 1474987374.325133 1.974719 -0.526079 -3.998717 -0.153014 -0.059696 -0.058703
-1 1474987374.335154 1.830366 -0.57076 -4.121268 -0.159645 -0.057267 -0.063388
-1 1474987374.344991 1.883299 -0.451763 -4.277142 -0.166278 -0.049023 -0.065453
-1 1474987374.355062 2.063119 -0.326999 -4.307807 -0.166116 -0.03919 -0.067713
-1 1474987374.365092 2.248636 -0.189167 -4.309302 -0.166586 -0.034114 -0.067859
-1 1474987374.375241 2.36473 -0.153266 -4.302611 -0.166793 -0.037666 -0.068019
-1 1474987374.385545 2.435402 -0.149627 -4.24374 -0.164508 -0.047305 -0.066621
-1 1474987374.395149 2.396086 -0.193241 -4.087013 -0.158759 -0.059787 -0.063549
-1 1474987374.405259 2.216576 -0.263254 -3.885005 -0.152696 -0.069762 -0.057302
-1 1474987374.415244 2.017727 -0.274231 -3.814423 -0.152768 -0.074265 -0.052946
-1 1474987374.425495 1.894252 -0.253853 -3.891047 -0.156753 -0.071204 -0.054997
-1 1474987374.435337 1.889836 -0.243083 -4.007638 -0.159414 -0.061659 -0.059863
-1 1474987374.445333 1.954097 -0.315517 -4.084879 -0.157668 -0.049527 -0.062772
-1 1474987374.455377 2.09295 -0.389826 -4.155184 -0.155855 -0.038083 -0.063345
-1 1474987374.465583 2.22421 -0.428475 -4.228638 -0.157396 -0.033632 -0.06299
-1 1474987374.475782 2.314285 -0.41942 -4.278488 -0.160293 -0.036397 -0.062063
-1 1474987374.485741 2.320556 -0.382095 -4.239667 -0.161559 -0.04461 -0.061412
-1 1474987374.495644 2.257825 -0.373024 -4.133552 -0.160324 -0.053308 -0.062911
-1 1474987374.505763 2.212479 -0.336539 -4.062665 -0.159277 -0.058369 -0.06482
-1 1474987374.515813 2.178254 -0.284659 -4.048015 -0.160278 -0.058301 -0.066908
-1 1474987374.526093 2.148077 -0.262335 -4.045149 -0.160422 -0.054814 -0.069489
-1 1474987374.535854 2.101945 -0.317139 -4.043807 -0.15869 -0.052123 -0.06996
-1 1474987374.546119 2.081338 -0.363724 -4.056391 -0.157365 -0.05023 -0.067489
-1 1474987374.556025 2.109505 -0.403313 -4.085711 -0.156659 -0.04864 -0.064415
-1 1474987374.566225 2.159779 -0.355386 -4.122284 -0.158057 -0.047275 -0.060495
-1 1474987374.576566 2.202528 -0.30721 -4.120291 -0.159182 -0.048422 -0.06037
-1 1474987374.586333 2.233694 -0.216214 -4.108737 -0.161141 -0.050743 -0.062155
-1 1474987374.596244 2.250212 -0.181191 -4.081543 -0.160939 -0.052897 -0.065088
-1 1474987374.606346 2.282851 -0.216397 -4.034156 -0.158818 -0.052863 -0.067283
-1 1474987374.616454 2.250124 -0.292243 -3.986242 -0.155464 -0.052905 -0.065878
-1 1474987374.626794 2.169887 -0.302118 -3.956913 -0.153831 -0.053908 -0.060891
-1 1474987374.636613 2.065882 -0.336907 -3.957808 -0.153078 -0.054198 -0.057629
-1 1474987374.646635 1.985653 -0.376566 -4.016852 -0.155179 -0.051494 -0.054744
-1 1474987374.656576 2.00692 -0.405703 -4.076676 -0.155862 -0.046369 -0.056701
-1 1474987374.666830 2.081272 -0.357438 -4.168233 -0.160432 -0.042223 -0.06011
-1 1474987374.677162 2.160616 -0.355682 -4.224162 -0.162531 -0.041737 -0.06585
-1 1474987374.686842 2.230498 -0.312277 -4.241941 -0.164233 -0.043926 -0.069303
-1 1474987374.696987 2.314842 -0.301807 -4.201377 -0.162338 -0.047545 -0.071725
-1 1474987374.707055 2.332577 -0.326944 -4.141356 -0.160363 -0.051988 -0.072558
-1 1474987374.717027 2.286504 -0.333297 -4.064149 -0.157864 -0.054744 -0.071779
-1 1474987374.727361 2.204598 -0.330212 -4.044251 -0.157084 -0.055822 -0.068884
-1 1474987374.737114 2.162579 -0.327975 -4.084407 -0.158018 -0.054709 -0.066947
-1 1474987374.747254 2.180085 -0.339754 -4.126399 -0.158086 -0.051611 -0.065349
-1 1474987374.757224 2.205357 -0.319056 -4.157986 -0.157964 -0.047906 -0.061425
-1 1474987374.767476 2.242152 -0.315244 -4.151246 -0.157236 -0.045273 -0.060302
-1 1474987374.777954 2.251964 -0.285625 -4.167386 -0.159263 -0.047435 -0.059664
-1 1474987374.787479 2.285271 -0.248166 -4.188923 -0.161477 -0.050616 -0.0608
-1 1474987374.797826 2.294592 -0.235316 -4.173343 -0.161704 -0.052861 -0.062802
-1 1474987374.807889 2.218715 -0.247093 -4.121136 -0.159654 -0.054419 -0.061202
-1 1474987374.817740 2.15884 -0.266153 -4.086655 -0.158132 -0.054879 -0.059104
-1 1474987374.828188 2.099182 -0.300399 -4.121047 -0.159714 -0.054308 -0.05854
-1 1474987374.837929 2.088245 -0.342972 -4.162687 -0.160477 -0.051142 -0.060921
-1 1474987374.848034 2.112498 -0.369466 -4.200305 -0.160447 -0.047331 -0.062745
-1 1474987374.858158 2.169602 -0.368633 -4.214048 -0.16064 -0.044009 -0.063602
-1 1474987374.868100 2.255963 -0.339072 -4.216441 -0.16175 -0.043369 -0.065902
-1 1474987374.878497 2.346784 -0.291454 -4.224226 -0.162808 -0.044488 -0.068362
-1 1474987374.888090 2.390849 -0.235169 -4.21302 -0.163929 -0.047087 -0.070203
-1 1474987374.898242 2.395402 -0.241217 -4.140839 -0.161593 -0.051034 -0.072294
-1 1474987374.908266 2.349209 -0.255009 -4.032258 -0.158457 -0.05504 -0.071569
-1 1474987374.918504 2.297538 -0.29184 -3.975368 -0.157236 -0.058408 -0.073277
-1 1474987374.929434 2.346256 -0.232378 -3.996641 -0.156911 -0.05818 -0.072256
-1 1474987374.938824 2.393024 -0.194642 -3.972568 -0.153259 -0.055964 -0.0672
-1 1474987374.948646 2.252662 -0.208578 -3.916934 -0.151291 -0.053696 -0.057371
-1 1474987374.958627 2.012629 -0.351889 -3.948906 -0.15351 -0.053442 -0.053493
-1 1474987374.968696 1.870405 -0.535078 -4.106165 -0.159083 -0.051784 -0.060566
-1 1474987374.979098 1.968716 -0.531662 -4.279484 -0.164538 -0.044685 -0.06935
-1 1474987374.988779 2.171057 -0.440264 -4.330887 -0.164349 -0.03649 -0.073643
-1 1474987374.998859 2.35618 -0.319165 -4.3239 -0.164098 -0.031144 -0.072642
-1 1474987375.008930 2.547186 -0.24373 -4.324274 -0.164414 -0.03191 -0.073238
-1 1474987375.018889 2.648999 -0.204313 -4.314027 -0.165155 -0.041002 -0.074698
-1 1474987375.030221 2.589193 -0.203101 -4.168536 -0.161262 -0.05398 -0.071632
-1 1474987375.038986 2.379971 -0.238144 -3.917764 -0.153967 -0.063087 -0.062696
-1 1474987375.049364 2.18256 -0.250301 -3.822406 -0.15337 -0.065814 -0.05754
-1 1474987375.059312 2.038747 -0.253587 -3.891391 -0.157508 -0.063924 -0.060078
-1 1474987375.069219 1.979777 -0.246746 -4.007435 -0.160953 -0.056427 -0.06577
-1 1474987375.079662 2.077554 -0.299679 -4.090099 -0.160142 -0.048124 -0.070379
-1 1474987375.089479 2.20511 -0.361473 -4.10523 -0.157038 -0.044788 -0.067971
-1 1474987375.099470 2.286625 -0.339282 -4.152129 -0.15862 -0.044361 -0.061228
-1 1474987375.109621 2.339917 -0.314596 -4.173121 -0.161004 -0.049854 -0.059909
-1 1474987375.119655 2.249833 -0.293606 -4.110941 -0.161506 -0.0586 -0.059722
-1 1474987375.130107 2.216618 -0.290835 -4.055293 -0.160822 -0.061691 -0.064148
-1 1474987375.139868 2.162232 -0.269999 -4.019073 -0.160446 -0.062032 -0.067969
-1 1474987375.149896 2.108568 -0.264711 -4.021969 -0.159255 -0.057139 -0.066056
-1 1474987375.160000 2.182671 -0.292824 -4.099599 -0.159021 -0.049895 -0.065942
-1 1474987375.170055 2.167185 -0.305373 -4.123568 -0.158527 -0.048178 -0.063368
-1 1474987375.180307 2.131121 -0.340948 -4.126561 -0.15717 -0.047481 -0.058748
-1 1474987375.190176 2.186696 -0.367496 -4.175549 -0.158352 -0.046577 -0.057407
-1 1474987375.200151 2.191459 -0.325956 -4.205283 -0.161773 -0.049024 -0.057202
-1 1474987375.210246 2.214657 -0.253273 -4.178193 -0.161853 -0.052616 -0.059916
-1 1474987375.220417 2.210773 -0.208556 -4.119547 -0.160817 -0.055845 -0.062112
-1 1474987375.231051 2.220574 -0.179799 -4.063766 -0.160053 -0.057155 -0.063502
-1 1474987375.240387 2.206137 -0.162823 -4.026912 -0.158798 -0.057095 -0.062504
-1 1474987375.250439 2.141939 -0.226546 -3.9731 -0.15533 -0.056728 -0.060589
-1 1474987375.260451 2.07694 -0.273673 -3.946301 -0.153526 -0.054921 -0.057739
-1 1474987375.270813 2.059277 -0.357123 -3.993492 -0.154262 -0.053399 -0.059441
-1 1474987375.280804 2.11246 -0.38362 -4.109455 -0.157964 -0.049687 -0.063148
-1 1474987375.290658 2.139139 -0.412788 -4.179629 -0.159844 -0.046244 -0.06693
-1 1474987375.300583 2.173641 -0.385962 -4.20521 -0.16022 -0.04445 -0.06719
-1 1474987375.310743 2.23475 -0.372005 -4.221409 -0.160738 -0.044374 -0.067092
-1 1474987375.321240 2.267671 -0.381141 -4.189737 -0.159228 -0.046193 -0.067016
-1 1474987375.331202 2.262716 -0.374612 -4.128555 -0.157278 -0.049223 -0.066483
-1 1474987375.341031 2.244404 -0.385851 -4.050106 -0.15433 -0.052146 -0.06586
-1 1474987375.351295 2.185534 -0.40234 -3.99689 -0.152801 -0.05468 -0.064243
-1 1474987375.361059 2.176992 -0.379918 -3.995489 -0.152998 -0.053948 -0.063904
-1 1474987375.371465 2.182921 -0.365805 -4.054637 -0.155667 -0.051527 -0.064466
-1 1474987375.381427 2.196677 -0.34108 -4.116325 -0.157834 -0.048465 -0.063388
-1 1474987375.391324 2.226392 -0.341816 -4.164939 -0.158478 -0.045377 -0.061923
-1 1474987375.401299 2.324597 -0.301075 -4.217027 -0.160327 -0.043194 -0.062029
-1 1474987375.411439 2.386862 -0.291947 -4.221911 -0.160894 -0.044747 -0.063448
-1 1474987375.422041 2.40812 -0.256777 -4.203661 -0.161409 -0.047457 -0.063868
-1 1474987375.431994 2.395335 -0.287303 -4.156618 -0.159663 -0.051306 -0.065773
-1 1474987375.441786 2.339306 -0.286363 -4.117735 -0.158351 -0.054565 -0.064887
-1 1474987375.451759 2.265036 -0.317987 -4.074839 -0.156401 -0.054359 -0.064018
-1 1474987375.462034 2.220276 -0.325807 -4.065856 -0.155756 -0.0515 -0.061574
-1 1474987375.472460 2.194449 -0.355754 -4.104208 -0.157382 -0.047867 -0.06253
-1 1474987375.482398 2.2137 -0.419535 -4.164782 -0.158732 -0.043999 -0.066508
-1 1474987375.492214 2.278405 -0.42663 -4.234541 -0.159697 -0.040354 -0.067386
-1 1474987375.502365 2.368934 -0.436309 -4.247579 -0.159842 -0.039578 -0.070617
-1 1474987375.512329 2.432617 -0.409491 -4.216208 -0.160165 -0.041595 -0.073181
-1 1474987375.522705 2.450251 -0.383214 -4.188132 -0.160659 -0.046377 -0.074938
-1 1474987375.532669 2.365293 -0.390294 -4.138874 -0.160639 -0.052448 -0.074276
-1 1474987375.542304 2.270749 -0.440033 -4.035989 -0.155642 -0.054309 -0.07273
-1 1474987375.552622 2.241356 -0.419871 -4.032454 -0.156009 -0.055023 -0.07059
-1 1474987375.562489 2.26142 -0.415597 -4.076558 -0.157639 -0.054076 -0.071131
-1 1474987375.573119 2.318443 -0.384933 -4.118453 -0.158281 -0.04851 -0.070536
-1 1474987375.582905 2.325888 -0.330595 -4.154903 -0.158864 -0.044205 -0.068236
-1 1474987375.592664 2.320683 -0.310066 -4.166352 -0.159176 -0.043674 -0.066984
-1 1474987375.602937 2.322848 -0.320094 -4.169157 -0.158955 -0.044728 -0.064769
-1 1474987375.612632 2.313137 -0.341125 -4.179242 -0.160179 -0.047437 -0.063024
-1 1474987375.623259 2.319305 -0.291081 -4.166101 -0.160382 -0.050102 -0.062208
-1 1474987375.633232 2.272513 -0.241471 -4.122309 -0.160435 -0.051341 -0.061772
-1 1474987375.642798 2.301832 -0.21069 -4.138298 -0.161157 -0.051128 -0.062815
-1 1474987375.652869 2.436848 -0.227752 -4.165854 -0.159013 -0.050576 -0.066815
-1 1474987375.663098 2.420381 -0.230813 -4.130892 -0.156602 -0.05111 -0.063622
-1 1474987375.673680 2.209784 -0.403063 -4.076983 -0.154971 -0.054053 -0.061993
-1 1474987375.684428 2.011017 -0.47618 -4.138066 -0.160588 -0.056331 -0.063604
-1 1474987375.693458 1.982644 -0.434348 -4.270598 -0.168619 -0.054577 -0.067871
-1 1474987375.703611 2.141219 -0.310101 -4.309981 -0.168872 -0.047863 -0.071753
-1 1474987375.713769 2.321617 -0.224022 -4.326481 -0.167733 -0.038087 -0.074312
-1 1474987375.724019 2.486079 -0.200694 -4.38511 -0.170483 -0.032061 -0.077134
-1 1474987375.734271 2.553011 -0.224447 -4.286159 -0.165414 -0.039518 -0.077872
-1 1474987375.743863 2.514128 -0.281014 -4.086116 -0.156955 -0.05391 -0.075094
-1 1474987375.753988 2.408566 -0.309355 -3.936561 -0.152445 -0.062097 -0.071142
-1 1474987375.764010 2.200718 -0.310635 -3.912707 -0.154681 -0.063834 -0.06672
-1 1474987375.774413 2.073743 -0.319655 -3.992893 -0.157948 -0.06003 -0.068846
-1 1474987375.784410 2.052242 -0.302897 -4.097485 -0.159392 -0.051672 -0.07251
-1 1474987375.794368 2.00952 -0.378178 -4.155485 -0.158312 -0.043469 -0.071946
-1 1474987375.804291 2.1278 -0.448718 -4.236467 -0.155653 -0.033819 -0.067387
-1 1474987375.814549 2.321614 -0.427169 -4.357338 -0.158484 -0.028385 -0.061888
-1 1474987375.824761 2.406092 -0.417259 -4.389485 -0.161027 -0.032287 -0.060042
-1 1474987375.834809 2.422468 -0.308241 -4.316341 -0.162101 -0.041708 -0.058336
-1 1474987375.844654 2.312624 -0.274796 -4.199431 -0.162438 -0.052468 -0.05865
-1 1474987375.854711 2.252621 -0.22514 -4.125009 -0.16264 -0.056865 -0.06029
-1 1474987375.864815 2.189064 -0.177422 -4.068581 -0.162213 -0.058448 -0.062316
-1 1474987375.875283 2.126734 -0.120329 -4.026651 -0.161733 -0.057341 -0.063123
-1 1474987375.885109 2.144059 -0.175511 -4.029977 -0.160361 -0.052856 -0.06687
-1 1474987375.894997 2.19219 -0.276886 -4.070638 -0.159109 -0.04864 -0.06911
-1 1474987375.905060 2.240266 -0.345769 -4.118455 -0.158561 -0.045226 -0.069415
-1 1474987375.915102 2.324158 -0.347327 -4.147847 -0.158725 -0.041559 -0.068637
-1 1474987375.925403 2.354299 -0.356209 -4.131572 -0.158272 -0.042861 -0.068743
-1 1474987375.935399 2.381016 -0.306845 -4.146178 -0.159988 -0.046382 -0.070245
-1 1474987375.945266 2.384425 -0.285844 -4.149032 -0.160502 -0.048915 -0.072269
-1 1474987375.955246 2.349945 -0.311566 -4.102032 -0.157434 -0.051358 -0.070821
-1 1474987375.965473 2.291312 -0.352214 -4.033147 -0.154018 -0.052192 -0.067071
-1 1474987375.975653 2.231304 -0.391285 -3.972366 -0.151529 -0.051307 -0.064296
-1 1474987375.985498 2.156803 -0.409509 -3.985186 -0.152259 -0.050954 -0.061902
-1 1474987375.995562 2.08576 -0.460627 -4.057015 -0.154963 -0.049333 -0.062083
-1 1474987376.005563 2.0851 -0.477089 -4.103198 -0.155517 -0.044867 -0.06227
-1 1474987376.015684 2.107521 -0.386174 -4.148992 -0.158588 -0.040907 -0.060887
-1 1474987376.026099 2.142296 -0.326078 -4.168781 -0.160651 -0.039778 -0.062029
-1 1474987376.035738 2.172636 -0.273525 -4.176751 -0.161572 -0.041135 -0.06123
-1 1474987376.045881 2.272326 -0.25649 -4.145445 -0.160369 -0.044348 -0.064134
-1 1474987376.056031 2.294029 -0.263678 -4.087006 -0.158442 -0.049912 -0.064389
-1 1474987376.066100 2.292836 -0.276495 -4.021234 -0.15611 -0.05417 -0.064152
-1 1474987376.076398 2.249967 -0.294616 -3.97422 -0.155143 -0.056088 -0.065159
-1 1474987376.086092 2.183701 -0.264054 -3.971145 -0.156356 -0.056051 -0.065059
-1 1474987376.096083 2.166439 -0.295428 -3.987048 -0.155878 -0.053177 -0.065256
-1 1474987376.106395 2.16515 -0.33102 -4.024192 -0.154711 -0.048703 -0.064021
-1 1474987376.116391 2.217677 -0.339308 -4.081569 -0.15566 -0.045287 -0.063784
-1 1474987376.126767 2.254178 -0.343034 -4.12365 -0.156147 -0.042955 -0.062027
-1 1474987376.136522 2.27461 -0.369371 -4.123502 -0.155749 -0.043279 -0.0626
-1 1474987376.146535 2.235116 -0.365034 -4.113724 -0.156851 -0.046696 -0.062479
-1 1474987376.156646 2.195569 -0.357508 -4.086916 -0.156803 -0.050494 -0.063478
-1 1474987376.166758 2.163515 -0.347726 -4.073255 -0.157058 -0.053061 -0.065353
-1 1474987376.176919 2.084409 -0.35186 -4.063076 -0.15821 -0.053426 -0.065847
-1 1474987376.186818 2.018436 -0.3951 -4.070231 -0.158249 -0.052894 -0.066041
-1 1474987376.196819 2.013417 -0.428964 -4.089792 -0.156526 -0.051656 -0.066338
-1 1474987376.206905 2.07267 -0.396053 -4.11922 -0.156562 -0.048849 -0.064418
-1 1474987376.217052 2.125426 -0.370399 -4.143739 -0.158013 -0.048138 -0.062767
-1 1474987376.227384 2.159308 -0.321376 -4.16614 -0.161194 -0.048858 -0.06185
-1 1474987376.237087 2.128603 -0.26992 -4.17757 -0.165904 -0.050389 -0.062791
-1 1474987376.247187 2.035886 -0.278465 -4.157728 -0.169377 -0.050143 -0.066198
-1 1474987376.257248 1.904688 -0.334101 -4.131602 -0.17162 -0.04193 -0.068735
-1 1474987376.267298 1.725974 -0.42696 -4.200292 -0.178602 -0.024972 -0.069825
-1 1474987376.277738 1.603733 -0.525014 -4.399083 -0.187638 0.000422 -0.073181
-1 1474987376.287300 1.536557 -0.659611 -4.750855 -0.200106 0.0313 -0.077207
-1 1474987376.297481 1.46366 -0.845679 -5.131689 -0.208924 0.065695 -0.076977
-1 1474987376.307682 1.30184 -1.097118 -5.478579 -0.213 0.105361 -0.069336
-1 1474987376.317636 1.190842 -1.259918 -5.947259 -0.224452 0.14986 -0.056442
-1 1474987376.328598 1.0218 -1.19633 -6.551597 -0.248204 0.190161 -0.04204
-1 1474987376.337796 0.803286 -1.011458 -7.175949 -0.274079 0.229795 -0.029581
-1 1474987376.347818 0.653328 -0.963895 -7.75386 -0.298032 0.274996 -0.025799
-1 1474987376.357889 0.616502 -0.980149 -8.280802 -0.319268 0.320281 -0.033481
-1 1474987376.367951 0.646076 -1.075397 -8.762812 -0.336025 0.36666 -0.048764
-1 1474987376.378303 0.579449 -1.208016 -9.197801 -0.351765 0.414529 -0.0601
-1 1474987376.388084 0.382967 -1.493536 -9.683131 -0.36845 0.463349 -0.073545
-1 1474987376.398182 0.253759 -1.878094 -10.243875 -0.382366 0.517147 -0.092437
-1 1474987376.408141 0.269435 -2.252594 -10.817519 -0.393085 0.577914 -0.112175
-1 1474987376.418270 0.425864 -2.46041 -11.394824 -0.403607 0.645854 -0.122641
-1 1474987376.428644 0.579743 -2.523995 -11.99245 -0.417727 0.71768 -0.124033
-1 1474987376.438523 0.697936 -2.43693 -12.667265 -0.438317 0.789357 -0.121184
-1 1474987376.448431 0.640455 -2.313315 -13.374182 -0.462907 0.85765 -0.114782
-1 1474987376.458607 0.434956 -2.20892 -14.055496 -0.485884 0.926536 -0.106321
-1 1474987376.468429 0.041705 -2.202818 -14.733613 -0.508513 0.998681 -0.094799
-1 1474987376.478912 -0.361594 -2.305649 -15.478863 -0.531305 1.079685 -0.084457
-1 1474987376.488661 -0.753752 -2.525792 -16.323718 -0.558064 1.172693 -0.078574
-1 1474987376.498775 -1.092318 -2.804797 -17.264311 -0.588618 1.272696 -0.081496
-1 1474987376.509003 -1.381256 -3.155756 -18.242335 -0.617973 1.379789 -0.086822
-1 1474987376.518865 -1.486823 -3.45334 -19.303104 -0.650538 1.496334 -0.089442
-1 1474987376.529557 -1.465951 -3.749176 -20.380438 -0.685391 1.61074 -0.096418
-1 1474987376.539268 -1.523142 -3.913742 -21.423821 -0.722755 1.723455 -0.098543
-1 1474987376.549339 -1.528472 -4.047317 -22.443182 -0.75968 1.837784 -0.10483
-1 1474987376.559213 -1.728039 -4.218091 -23.407677 -0.79584 1.952847 -0.109228
-1 1474987376.569135 -1.858526 -4.35995 -24.415079 -0.833039 2.071157 -0.116532
-1 1474987376.579494 -2.069322 -4.508785 -25.439789 -0.872001 2.19401 -0.121944
-1 1474987376.589440 -2.313604 -4.698833 -26.429959 -0.90464 2.327153 -0.120223
-1 1474987376.599416 -2.600746 -4.970871 -27.476493 -0.938495 2.472962 -0.109314
-1 1474987376.609476 -2.692222 -5.181784 -28.681657 -0.977652 2.623357 -0.100503
-1 1474987376.619541 -2.980803 -5.328687 -29.986915 -1.025455 2.771556 -0.089637
-1 1474987376.629692 -3.213573 -5.490155 -31.285303 -1.071223 2.922795 -0.079416
-1 1474987376.639720 -3.550846 -5.710441 -32.539331 -1.115804 3.078771 -0.062159
-1 1474987376.649877 -3.732039 -5.80029 -33.910556 -1.167538 3.236288 -0.047058
-1 1474987376.659781 -3.873431 -5.82489 -35.309437 -1.220793 3.390613 -0.035406
-1 1474987376.669969 -4.150354 -5.870173 -36.616112 -1.270605 3.546035 -0.020357
-1 1474987376.680274 -4.182107 -5.952548 -37.924668 -1.320446 3.700284 -0.014425
-1 1474987376.690338 -4.324156 -6.051247 -39.227301 -1.372399 3.844094 -0.009195
-1 1474987376.700216 -4.296089 -6.205729 -40.488907 -1.418001 3.987145 -0.010539
-1 1474987376.710175 -4.17318 -6.3574 -41.687774 -1.459356 4.129254 -0.014869
-1 1474987376.720431 -4.241104 -6.506617 -42.831354 -1.499833 4.269958 -0.010509
-1 1474987376.730669 -4.294239 -6.705412 -43.951189 -1.538762 4.4099 -0.005099
-1 1474987376.740492 -4.34594 -6.866298 -45.09409 -1.579157 4.545058 -0.00001
-1 1474987376.750548 -4.28941 -7.03139 -46.202756 -1.615715 4.680936 0.00434
-1 1474987376.760487 -4.095748 -7.173438 -47.312732 -1.652055 4.815868 0.005038
-1 1474987376.770657 -4.141259 -7.321916 -48.397693 -1.690444 4.947272 0.008772
-1 1474987376.780875 -4.168366 -7.412931 -49.458627 -1.729842 5.077035 0.012459
-1 1474987376.790758 -4.13147 -7.547608 -50.464621 -1.768268 5.201814 0.008977
-1 1474987376.800674 -3.797114 -7.747693 -51.434809 -1.802986 5.320516 -0.01188
-1 1474987376.810816 -3.778291 -8.023841 -52.338871 -1.836198 5.430684 -0.025304
-1 1474987376.821141 -3.452056 -8.292475 -53.188025 -1.864129 5.537555 -0.049178
-1 1474987376.831443 -3.260598 -8.485375 -53.900895 -1.887837 5.640248 -0.070209
-1 1474987376.841040 -3.021488 -8.593176 -54.522653 -1.908228 5.743166 -0.094112
-1 1474987376.851163 -2.798335 -8.737844 -55.113532 -1.927723 5.844673 -0.124215
-1 1474987376.861217 -2.495915 -8.986071 -55.687264 -1.942375 5.942563 -0.163571
-1 1474987376.871632 -2.038742 -9.292245 -56.248836 -1.950884 6.041546 -0.204565
-1 1474987376.881405 -1.657539 -9.610405 -56.727686 -1.955322 6.139836 -0.237385
-1 1474987376.891577 -1.446457 -9.893306 -57.201669 -1.963309 6.229008 -0.259808
-1 1474987376.901485 -1.250898 -10.113737 -57.726679 -1.977108 6.309214 -0.277238
-1 1474987376.911428 -0.813557 -10.28287 -58.236309 -1.989135 6.389096 -0.302153
-1 1474987376.921758 -0.970904 -10.382266 -58.730952 -2.00729 6.467635 -0.305571
-1 1474987376.931943 -0.56393 -10.459568 -59.216339 -2.020027 6.545593 -0.32582
-1 1474987376.941503 -0.517606 -10.582217 -59.668022 -2.033139 6.62352 -0.332058
-1 1474987376.951848 -0.182775 -10.666855 -60.110344 -2.044432 6.705618 -0.340886
-1 1474987376.961656 0.050702 -10.787144 -60.522214 -2.055436 6.780528 -0.345765
-1 1474987376.972063 0.230302 -10.867111 -60.880306 -2.065298 6.842914 -0.349166
-1 1474987376.982000 0.515382 -10.9704 -61.201737 -2.071921 6.895389 -0.357752
-1 1474987376.991863 0.463045 -11.006498 -61.465988 -2.080424 6.93702 -0.353674
-1 1474987377.001822 0.59104 -11.065938 -61.681831 -2.085345 6.972288 -0.356945
-1 1474987377.011874 0.610417 -11.105327 -61.875838 -2.090774 7.001721 -0.356356
-1 1474987377.022160 0.586638 -11.108018 -62.052208 -2.096191 7.026096 -0.353627
-1 1474987377.032724 0.649476 -11.097023 -62.196977 -2.099917 7.046678 -0.353524
-1 1474987377.042237 0.580378 -11.09665 -62.321316 -2.103768 7.062788 -0.349842
-1 1474987377.052180 0.492982 -11.109035 -62.426432 -2.107727 7.076808 -0.346136
-1 1474987377.062312 0.568998 -11.167571 -62.509274 -2.108595 7.088363 -0.349801
-1 1474987377.072520 0.424764 -11.238291 -62.568502 -2.110306 7.096546 -0.346963
-1 1474987377.082588 0.393742 -11.245626 -62.630989 -2.112129 7.104538 -0.345582
-1 1474987377.092679 0.368987 -11.213721 -62.706211 -2.114918 7.111869 -0.34304
-1 1474987377.102542 0.468546 -11.156072 -62.769335 -2.116815 7.11856 -0.343683
-1 1474987377.112470 0.486797 -11.08518 -62.807068 -2.118982 7.12356 -0.341163
-1 1474987377.122778 0.498704 -11.047043 -62.82798 -2.120174 7.127267 -0.339696
-1 1474987377.133019 0.706572 -11.018952 -62.869825 -2.120128 7.131946 -0.345106
-1 1474987377.142741 0.472075 -11.003348 -62.909784 -2.123437 7.134016 -0.336239
-1 1474987377.152982 0.616118 -10.989434 -62.939366 -2.122738 7.13669 -0.340601
-1 1474987377.162813 0.381709 -10.992635 -62.968476 -2.125344 7.137767 -0.333037
-1 1474987377.173176 0.452782 -11.052726 -62.967961 -2.123582 7.138853 -0.337619
-1 1474987377.183132 0.560638 -11.039327 -62.970314 -2.123004 7.14027 -0.340304
-1 1474987377.192976 0.739467 -11.034391 -62.950043 -2.120691 7.140773 -0.345812
-1 1474987377.203102 0.490935 -10.985132 -62.985661 -2.12423 7.141238 -0.335901
-1 1474987377.213132 0.400391 -10.954866 -63.049228 -2.126629 7.142825 -0.331965
-1 1474987377.223482 0.299897 -10.935816 -63.097538 -2.128468 7.143686 -0.327755
-1 1474987377.233485 0.430566 -10.891228 -63.130982 -2.128368 7.145152 -0.330334
-1 1474987377.243195 0.648274 -10.910849 -63.115742 -2.125767 7.145977 -0.338533
-1 1474987377.253294 0.73407 -10.947356 -63.070777 -2.123834 7.145556 -0.34269
-1 1474987377.263435 0.611871 -10.992756 -63.012338 -2.123137 7.143843 -0.340263
-1 1474987377.273881 0.835153 -11.005722 -62.993316 -2.1206 7.144467 -0.348001
-1 1474987377.283831 0.920918 -11.085597 -63.005204 -2.119025 7.145198 -0.353707
-1 1474987377.293577 0.796549 -11.093066 -63.042623 -2.120938 7.146055 -0.350137
-1 1474987377.303668 0.592418 -11.133963 -63.041952 -2.122097 7.145256 -0.344969
-1 1474987377.313823 0.771974 -11.191747 -63.007089 -2.118411 7.144608 -0.353234
-1 1474987377.323983 0.852464 -11.278262 -62.983427 -2.115593 7.143946 -0.359175
-1 1474987377.334252 0.708343 -11.301407 -63.007997 -2.116938 7.143857 -0.355217
-1 1474987377.343997 0.651012 -11.311962 -63.034107 -2.117628 7.14409 -0.353729
-1 1474987377.354585 0.897667 -11.241646 -63.066312 -2.11699 7.145955 -0.359259
-1 1474987377.364442 0.66094 -11.174613 -63.07591 -2.119963 7.144918 -0.349086
-1 1474987377.374578 0.798096 -11.114151 -63.093852 -2.119538 7.145713 -0.351642
-1 1474987377.384739 0.730441 -11.094685 -63.128656 -2.120894 7.146106 -0.348767
-1 1474987377.394533 0.648364 -11.074359 -63.17433 -2.122624 7.146716 -0.345402
-1 1474987377.404489 0.610807 -11.074632 -63.200843 -2.123462 7.1472 -0.344224
-1 1474987377.414642 0.772451 -11.011337 -63.221047 -2.123179 7.148437 -0.347173
-1 1474987377.424910 0.812532 -11.009741 -63.198941 -2.122516 7.148112 -0.348407
-1 1474987377.435134 0.904934 -11.00084 -63.170801 -2.121763 7.148306 -0.35101
-1 1474987377.445031 1.065285 -10.959925 -63.162463 -2.121169 7.149313 -0.354675
-1 1474987377.455053 0.804974 -10.911062 -63.166794 -2.124671 7.148618 -0.343959
-1 1474987377.464943 1.099759 -10.886738 -63.154269 -2.121961 7.149495 -0.352644
-1 1474987377.475179 0.999177 -10.84761 -63.171782 -2.123961 7.149648 -0.347834
-1 1474987377.485233 0.996524 -10.838012 -63.179685 -2.124271 7.149967 -0.347691
-1 1474987377.495213 1.128876 -10.828716 -63.198467 -2.123203 7.1507 -0.351782
-1 1474987377.505122 0.969575 -10.868183 -63.210684 -2.123955 7.149812 -0.348197
-1 1474987377.515170 1.018805 -10.930359 -63.217178 -2.122433 7.149847 -0.352116
-1 1474987377.525558 0.770053 -10.959338 -63.234952 -2.124406 7.14889 -0.344929
-1 1474987377.535472 1.019307 -10.976285 -63.242794 -2.121732 7.150021 -0.353811
-1 1474987377.545474 0.791548 -11.022967 -63.241769 -2.122824 7.148636 -0.348114
-1 1474987377.555663 0.988715 -11.018649 -63.218779 -2.120342 7.148725 -0.354668
-1 1474987377.565519 0.988505 -11.019724 -63.210603 -2.120056 7.148408 -0.354784
-1 1474987377.576444 0.979384 -11.019032 -63.218372 -2.12031 7.148588 -0.354462
-1 1474987377.585872 1.087229 -10.983961 -63.231069 -2.120303 7.1497 -0.356597
-1 1474987377.595740 1.251536 -10.994311 -63.221503 -2.118971 7.150659 -0.362518
-1 1474987377.605918 1.149325 -11.080471 -63.185455 -2.118447 7.149662 -0.362207
-1 1474987377.616022 1.303141 -11.114406 -63.12739 -2.116183 7.149544 -0.368011
-1 1474987377.626314 1.423225 -11.131321 -63.070736 -2.114208 7.148958 -0.372133
-1 1474987377.636163 1.495969 -11.083155 -63.044316 -2.114119 7.148867 -0.372065
-1 1474987377.646127 1.513104 -10.99464 -63.074678 -2.116237 7.150305 -0.369623
-1 1474987377.656136 1.623814 -10.974353 -63.110479 -2.115769 7.151528 -0.37317
-1 1474987377.666341 1.357535 -11.004054 -63.116134 -2.117305 7.149827 -0.365799
-1 1474987377.676551 1.314079 -11.061146 -63.10652 -2.11621 7.148917 -0.366724
-1 1474987377.686450 1.295343 -11.157266 -63.09469 -2.114525 7.14824 -0.369727
-1 1474987377.696487 1.233944 -11.186412 -63.1156 -2.114787 7.148162 -0.368954
-1 1474987377.706559 1.213318 -11.192934 -63.129621 -2.115149 7.148386 -0.368552
-1 1474987377.716481 1.183302 -11.135834 -63.153128 -2.116672 7.148849 -0.365401
-1 1474987377.727015 1.153917 -11.086693 -63.164512 -2.117716 7.148828 -0.362502
-1 1474987377.736721 1.152776 -11.104746 -63.161824 -2.11738 7.148719 -0.363182
-1 1474987377.746668 1.192897 -11.167693 -63.127748 -2.115461 7.147951 -0.366639
-1 1474987377.756870 0.931043 -11.240048 -63.075559 -2.115508 7.145004 -0.360381
-1 1474987377.766912 1.245149 -11.212313 -63.054172 -2.11259 7.145646 -0.369379
-1 1474987377.777250 1.052457 -11.122674 -63.096911 -2.116932 7.146079 -0.359852
-1 1474987377.786945 1.017067 -10.974324 -63.163565 -2.121041 7.1483 -0.353321
-1 1474987377.797076 1.1647 -10.844812 -63.20922 -2.122437 7.150434 -0.353633
-1 1474987377.807209 0.790415 -10.822817 -63.239723 -2.126409 7.14898 -0.34033
-1 1474987377.817163 0.511927 -10.806224 -63.277236 -2.129637 7.147855 -0.330455
-1 1474987377.827488 0.445827 -10.805868 -63.303584 -2.130512 7.146455 -0.328527
-1 1474987377.837310 0.260438 -10.793077 -63.307638 -2.132575 7.145947 -0.322291
-1 1474987377.847340 0.196438 -10.755839 -63.261065 -2.132503 7.144499 -0.318697
-1 1474987377.857481 -0.024688 -10.693106 -63.239729 -2.134487 7.142602 -0.309051
-1 1474987377.867597 -0.494931 -10.691794 -63.27893 -2.139341 7.141304 -0.293489
-1 1474987377.878265 0.111643 -10.898357 -63.850358 -2.137024 7.1146 -0.336099
-1 1474987377.887695 1.034251 -11.153062 -64.733403 -2.133594 7.04197 -0.410199
-1 1474987377.897822 1.744723 -11.274422 -65.177518 -2.123404 6.943946 -0.476146
-1 1474987377.907693 2.70945 -11.357198 -65.219238 -2.100483 6.830576 -0.548866
-1 1474987377.917907 3.412447 -11.320848 -65.028338 -2.075814 6.700514 -0.60944
-1 1474987377.928304 4.105734 -11.29351 -64.51003 -2.038864 6.556287 -0.665777
-1 1474987377.938165 4.503721 -11.23904 -63.759411 -1.997035 6.399853 -0.706168
-1 1474987377.948093 5.136001 -11.133948 -62.822089 -1.947993 6.231072 -0.750631
-1 1474987377.958139 5.400479 -10.95029 -61.787948 -1.902185 6.050913 -0.782667
-1 1474987377.968184 5.873675 -10.823784 -60.583798 -1.844268 5.869384 -0.817267
-1 1474987377.978728 6.095592 -10.638929 -59.260914 -1.785225 5.688583 -0.832289
-1 1474987377.988411 6.301694 -10.450732 -57.833099 -1.725416 5.50876 -0.838949
-1 1474987377.998545 6.496351 -10.231236 -56.337613 -1.667186 5.324723 -0.837921
-1 1474987378.008739 6.580311 -9.915638 -54.830751 -1.614315 5.132193 -0.832001
-1 1474987378.018755 6.386583 -9.640178 -53.322019 -1.565763 4.940433 -0.820919
-1 1474987378.029130 6.49067 -9.381752 -51.763378 -1.509818 4.756548 -0.81252
-1 1474987378.039008 6.68001 -9.112657 -50.150577 -1.450881 4.576744 -0.796968
-1 1474987378.048912 6.733384 -8.907252 -48.632677 -1.397427 4.414144 -0.775233
-1 1474987378.059017 6.747128 -8.635251 -47.299408 -1.355228 4.266031 -0.751666
-1 1474987378.069078 6.926636 -8.332706 -45.957439 -1.313573 4.115285 -0.731499
-1 1474987378.080077 7.055716 -8.000176 -44.55779 -1.274472 3.957206 -0.713229
-1 1474987378.089166 7.002597 -7.694475 -43.127607 -1.237436 3.793549 -0.692636
-1 1474987378.099608 6.9926 -7.388402 -41.667656 -1.197294 3.63066 -0.668544
-1 1474987378.109539 6.782471 -7.051961 -40.288793 -1.164783 3.464002 -0.638286
-1 1474987378.119389 6.931206 -6.74789 -38.948436 -1.130836 3.29368 -0.622741
-1 1474987378.129550 7.266844 -6.40487 -37.617068 -1.096671 3.114033 -0.61408
-1 1474987378.139498 7.568505 -6.140155 -36.126713 -1.055094 2.926742 -0.605228
-1 1474987378.149566 7.494438 -5.969923 -34.431793 -1.009388 2.733627 -0.581045
-1 1474987378.159575 7.495979 -5.82815 -32.653147 -0.960857 2.543488 -0.556385
-1 1474987378.169762 7.416055 -5.569157 -30.953185 -0.919803 2.366978 -0.529636
-1 1474987378.180497 7.338561 -5.155786 -29.183447 -0.877561 2.196789 -0.501312
-1 1474987378.189761 7.337011 -4.701515 -27.449359 -0.835811 2.036338 -0.473191
-1 1474987378.199935 7.353472 -4.237455 -25.935244 -0.801898 1.886802 -0.448748
-1 1474987378.209861 7.389905 -3.858339 -24.489297 -0.768533 1.734847 -0.432143
-1 1474987378.220043 7.272975 -3.532447 -23.053538 -0.734674 1.581567 -0.413614
-1 1474987378.230268 7.219073 -3.227664 -21.652002 -0.699214 1.434622 -0.398693
-1 1474987378.240102 6.945614 -3.044392 -20.271951 -0.663831 1.29622 -0.38157
-1 1474987378.250255 6.525422 -2.944267 -18.90921 -0.627485 1.167287 -0.365177
-1 1474987378.260313 6.294944 -2.883672 -17.773504 -0.597476 1.055423 -0.360514
-1 1474987378.270456 6.188909 -2.822797 -16.700959 -0.567182 0.95249 -0.366678
-1 1474987378.280505 5.977127 -2.794975 -15.688841 -0.537661 0.860394 -0.371048
-1 1474987378.290514 5.985895 -2.845718 -14.696141 -0.499121 0.784833 -0.375235
-1 1474987378.300540 5.936214 -2.873266 -13.931178 -0.471289 0.718191 -0.372265
-1 1474987378.310526 5.912598 -2.941359 -13.273601 -0.447505 0.655257 -0.37356
-1 1474987378.320779 5.800354 -2.941365 -12.622119 -0.426108 0.594283 -0.371501
-1 1474987378.330699 5.741518 -2.968052 -11.883614 -0.398294 0.540016 -0.372399
-1 1474987378.340597 5.59822 -2.976904 -11.30501 -0.37761 0.498584 -0.364978
-1 1474987378.350740 5.637963 -2.929426 -10.930393 -0.367503 0.463506 -0.364759
-1 1474987378.360719 5.533457 -2.915902 -10.526995 -0.358544 0.419772 -0.367819
-1 1474987378.371219 5.477792 -2.879083 -10.009221 -0.33857 0.380274 -0.365503
-1 1474987378.381232 5.388795 -2.786672 -9.586738 -0.324821 0.348559 -0.35517
-1 1474987378.390884 5.265851 -2.647428 -9.240812 -0.313178 0.31543 -0.344979
-1 1474987378.401051 5.20183 -2.504697 -8.933316 -0.302128 0.283283 -0.341493
-1 1474987378.411129 5.166722 -2.416005 -8.524948 -0.285543 0.255596 -0.338433
-1 1474987378.421351 5.104782 -2.426443 -8.049278 -0.266784 0.227096 -0.335087
-1 1474987378.431382 5.060563 -2.379355 -7.67203 -0.253048 0.198991 -0.328986
-1 1474987378.441201 5.046765 -2.301597 -7.359445 -0.241775 0.175442 -0.319417
-1 1474987378.451154 4.91948 -2.181405 -6.990129 -0.229849 0.149798 -0.301045
-1 1474987378.461355 4.732386 -2.065899 -6.607121 -0.217812 0.124825 -0.277416
-1 1474987378.471554 4.635626 -1.982061 -6.315341 -0.209024 0.103496 -0.256673
-1 1474987378.482020 4.537522 -1.829327 -6.129297 -0.205618 0.08253 -0.234215
-1 1474987378.491618 4.377032 -1.619165 -5.953334 -0.202976 0.062163 -0.212076
-1 1474987378.501557 4.118813 -1.400093 -5.769888 -0.201287 0.0422 -0.188707
-1 1474987378.511828 3.882671 -1.231425 -5.594652 -0.197973 0.025335 -0.168789
-1 1474987378.522052 3.700089 -1.101404 -5.494668 -0.197846 0.010955 -0.156204
-1 1474987378.531935 3.521331 -1.010009 -5.369136 -0.194541 -0.004542 -0.147259
-1 1474987378.541901 3.242417 -0.952977 -5.251326 -0.192726 -0.014519 -0.135359
-1 1474987378.551837 3.117434 -0.944818 -5.165363 -0.188454 -0.018783 -0.127318
-1 1474987378.562099 3.005176 -0.939504 -5.14926 -0.189012 -0.023222 -0.122929
-1 1474987378.572294 2.925311 -0.923282 -5.096761 -0.184547 -0.023979 -0.11717
-1 1474987378.582400 2.831257 -0.944126 -5.094522 -0.182399 -0.021101 -0.106401
-1 1474987378.592204 2.770195 -0.884805 -5.121247 -0.183304 -0.019757 -0.096263
-1 1474987378.602232 2.724719 -0.84022 -5.160187 -0.186086 -0.021695 -0.090774
-1 1474987378.612203 2.747972 -0.843191 -5.138618 -0.184074 -0.026011 -0.090977
-1 1474987378.622707 2.714863 -0.877021 -5.089807 -0.181649 -0.029132 -0.086982
-1 1474987378.632754 2.683663 -0.859955 -5.027709 -0.178908 -0.03012 -0.079492
-1 1474987378.642348 2.695573 -0.75813 -5.033982 -0.180507 -0.030205 -0.072176
-1 1474987378.652325 2.701724 -0.597369 -5.085114 -0.18604 -0.031497 -0.068493
-1 1474987378.662584 2.624727 -0.528674 -5.105872 -0.190273 -0.036368 -0.070412
-1 1474987378.672878 2.50808 -0.550199 -5.066669 -0.188851 -0.038754 -0.07093
-1 1474987378.683150 2.397185 -0.599286 -5.031153 -0.185528 -0.037891 -0.06632
-1 1474987378.692803 2.418456 -0.59665 -5.053677 -0.183568 -0.032826 -0.059625
-1 1474987378.702811 2.496723 -0.560006 -5.086755 -0.183632 -0.027869 -0.05333
-1 1474987378.712954 2.505412 -0.549145 -5.090054 -0.184355 -0.029806 -0.051079
-1 1474987378.723229 2.484327 -0.51379 -5.092593 -0.185639 -0.033692 -0.051687
-1 1474987378.733177 2.437231 -0.482306 -5.074379 -0.186992 -0.036808 -0.05303
-1 1474987378.743029 2.404205 -0.426611 -5.049153 -0.18789 -0.039722 -0.051792
-1 1474987378.753220 2.432699 -0.324895 -5.050117 -0.187689 -0.04198 -0.047529
-1 1474987378.763040 2.40982 -0.257366 -5.010628 -0.185798 -0.044309 -0.04174
-1 1474987378.773649 2.244475 -0.344208 -4.932957 -0.183398 -0.047096 -0.038931
-1 1474987378.783613 2.001815 -0.578553 -4.90452 -0.181838 -0.049925 -0.042744
-1 1474987378.793294 1.845242 -0.77819 -4.957941 -0.181515 -0.049531 -0.049077
-1 1474987378.803322 1.831216 -0.823538 -5.066442 -0.185289 -0.044154 -0.054804
-1 1474987378.813413 2.036859 -0.762177 -5.126254 -0.185678 -0.033227 -0.0618
-1 1474987378.823707 2.235395 -0.701726 -5.180509 -0.186565 -0.024866 -0.065027
-1 1474987378.833954 2.370357 -0.662614 -5.216786 -0.186922 -0.022382 -0.065224
-1 1474987378.843579 2.418265 -0.615131 -5.188414 -0.185668 -0.025723 -0.061408
-1 1474987378.853656 2.401998 -0.588311 -5.076496 -0.18176 -0.034114 -0.053591
-1 1474987378.863848 2.303178 -0.527694 -4.943001 -0.180559 -0.043302 -0.042736
-1 1474987378.874361 2.234482 -0.478912 -4.87927 -0.182175 -0.050295 -0.040184
-1 1474987378.884175 2.205124 -0.451327 -4.92646 -0.186418 -0.051504 -0.045973
-1 1474987378.893975 2.163288 -0.452764 -4.983005 -0.189512 -0.048827 -0.055313
-1 1474987378.903955 2.112237 -0.509867 -5.006907 -0.188139 -0.044289 -0.060026
-1 1474987378.914079 2.117332 -0.58922 -5.026879 -0.18394 -0.038307 -0.056145
-1 1474987378.924460 2.174668 -0.624887 -5.047781 -0.180862 -0.033646 -0.04891
-1 1474987378.934626 2.254444 -0.595592 -5.094692 -0.180729 -0.030841 -0.041361
-1 1474987378.944319 2.349247 -0.578992 -5.114207 -0.180734 -0.032703 -0.038871
-1 1474987378.954440 2.365133 -0.535055 -5.117267 -0.184154 -0.038932 -0.038707
-1 1474987378.964459 2.375313 -0.459632 -5.077201 -0.1854 -0.045259 -0.041499
-1 1474987378.974968 2.31944 -0.391137 -5.027985 -0.186841 -0.050095 -0.04495
-1 1474987378.984872 2.217099 -0.398502 -4.973856 -0.187746 -0.05133 -0.049421
-1 1474987378.994800 2.190587 -0.496748 -4.913914 -0.183407 -0.050598 -0.055222
-1 1474987379.004613 2.214456 -0.625414 -4.909269 -0.179361 -0.04799 -0.059562
-1 1474987379.014813 2.255835 -0.709326 -4.9175 -0.17623 -0.043537 -0.059129
-1 1474987379.025149 2.371177 -0.761236 -4.957276 -0.17553 -0.039727 -0.058661
-1 1474987379.035133 2.452953 -0.711532 -5.018176 -0.179223 -0.041713 -0.058689
-1 1474987379.044916 2.396387 -0.673265 -5.00687 -0.180702 -0.04808 -0.056682
-1 1474987379.055165 2.381078 -0.656606 -4.96615 -0.17955 -0.050804 -0.056303
-1 1474987379.064992 2.381189 -0.64899 -4.93105 -0.179255 -0.052471 -0.057079
-1 1474987379.075414 2.367572 -0.60766 -4.900415 -0.177903 -0.053723 -0.055764
-1 1474987379.085280 2.363042 -0.60334 -4.896729 -0.178477 -0.053708 -0.055964
-1 1474987379.095124 2.372909 -0.640317 -4.862507 -0.176308 -0.052539 -0.055425
-1 1474987379.105248 2.395246 -0.696211 -4.874901 -0.174313 -0.051602 -0.054188
-1 1474987379.115197 2.41567 -0.650954 -4.910156 -0.174992 -0.050286 -0.050148
-1 1474987379.125771 2.333282 -0.570789 -4.920438 -0.177775 -0.050444 -0.043362
-1 1474987379.135486 2.292564 -0.537828 -4.922937 -0.179101 -0.050752 -0.041348
-1 1474987379.145385 2.307579 -0.473189 -4.908502 -0.179679 -0.049728 -0.040358
-1 1474987379.155580 2.286398 -0.449179 -4.928035 -0.181406 -0.050377 -0.037958
-1 1474987379.165585 2.359378 -0.481178 -4.923431 -0.179719 -0.051788 -0.042517
-1 1474987379.176005 2.38414 -0.469404 -4.938761 -0.182645 -0.054024 -0.046225
-1 1474987379.185878 2.409839 -0.442409 -4.948919 -0.183547 -0.056955 -0.048742
-1 1474987379.195879 2.384243 -0.468107 -4.922736 -0.182034 -0.058343 -0.050639
-1 1474987379.205959 2.321431 -0.475493 -4.870203 -0.178543 -0.058575 -0.047986
-1 1474987379.215865 2.278726 -0.540115 -4.837451 -0.176037 -0.0581 -0.047566
-1 1474987379.226250 2.300062 -0.580909 -4.824285 -0.174501 -0.05578 -0.048941
-1 1474987379.236219 2.357762 -0.597068 -4.835547 -0.174017 -0.054629 -0.049936
-1 1474987379.246163 2.407451 -0.65878 -4.839196 -0.173144 -0.055301 -0.052284
-1 1474987379.256654 2.405166 -0.629314 -4.873247 -0.176193 -0.056527 -0.051934
-1 1474987379.266295 2.430837 -0.651062 -4.864578 -0.174831 -0.058824 -0.055032
-1 1474987379.276571 2.363053 -0.679357 -4.851273 -0.175319 -0.061805 -0.053848
-1 1474987379.286402 2.309674 -0.718608 -4.815742 -0.173275 -0.064197 -0.054129
-1 1474987379.296516 2.271023 -0.780918 -4.848606 -0.174682 -0.064486 -0.056253
-1 1474987379.306437 2.308318 -0.784664 -4.923597 -0.177137 -0.062164 -0.059134
-1 1474987379.316455 2.311361 -0.806103 -4.954001 -0.176861 -0.059582 -0.061993
-1 1474987379.326968 2.244267 -0.761763 -4.991222 -0.179023 -0.057241 -0.058284
-1 1474987379.336616 2.272136 -0.717182 -4.993958 -0.179024 -0.053684 -0.058567
-1 1474987379.346835 2.295517 -0.685587 -5.009952 -0.1816 -0.051473 -0.060808
-1 1474987379.356782 2.29853 -0.64945 -5.026358 -0.183339 -0.052285 -0.060162
-1 1474987379.366989 2.314003 -0.640236 -5.01825 -0.183554 -0.053138 -0.060575
-1 1474987379.377263 2.472848 -0.555747 -5.004681 -0.182429 -0.052572 -0.062419
-1 1474987379.387050 2.654489 -0.459298 -4.956246 -0.179079 -0.053212 -0.059606
-1 1474987379.397026 2.605547 -0.404561 -4.826358 -0.175205 -0.056881 -0.050434
-1 1474987379.407147 2.319947 -0.461729 -4.754315 -0.176432 -0.062787 -0.041563
-1 1474987379.417215 2.094226 -0.58109 -4.796572 -0.179486 -0.065789 -0.041838
-1 1474987379.427543 2.080485 -0.641337 -4.878123 -0.18051 -0.063331 -0.048833
-1 1474987379.437349 2.105837 -0.588351 -4.930311 -0.181162 -0.057516 -0.049043
-1 1474987379.447434 2.192407 -0.518305 -4.959227 -0.180321 -0.049831 -0.048937
-1 1474987379.457383 2.303305 -0.565656 -5.036123 -0.181565 -0.044457 -0.053024
-1 1474987379.467498 2.403327 -0.587674 -5.105867 -0.182564 -0.045165 -0.055391
-1 1474987379.478128 2.41195 -0.650547 -5.053758 -0.180089 -0.051742 -0.055876
-1 1474987379.487723 2.353737 -0.672144 -4.899064 -0.175104 -0.059067 -0.051304
-1 1474987379.497656 2.330695 -0.69522 -4.815595 -0.173669 -0.063912 -0.051404
-1 1474987379.507883 2.288167 -0.62955 -4.890321 -0.180602 -0.066274 -0.053511
-1 1474987379.517936 2.281868 -0.616068 -4.928161 -0.182013 -0.064487 -0.05852
-1 1474987379.528295 2.301578 -0.678171 -4.910224 -0.177769 -0.059666 -0.059914
-1 1474987379.538140 2.304983 -0.720503 -4.960777 -0.17764 -0.057454 -0.055894
-1 1474987379.548064 2.394004 -0.702459 -5.016506 -0.178388 -0.055493 -0.0568
-1 1474987379.558258 2.413683 -0.667455 -5.049589 -0.181614 -0.056028 -0.057066
-1 1474987379.568191 2.398629 -0.686365 -4.995584 -0.179848 -0.059352 -0.0581
-1 1474987379.578514 2.404607 -0.719431 -4.927641 -0.177237 -0.060894 -0.061096
-1 1474987379.588265 2.388332 -0.709908 -4.883077 -0.175221 -0.062144 -0.058946
-1 1474987379.598335 2.38372 -0.704476 -4.856029 -0.172287 -0.0626 -0.056263
-1 1474987379.608425 2.387859 -0.653603 -4.86413 -0.172763 -0.061623 -0.053434
-1 1474987379.618456 2.407077 -0.618688 -4.858053 -0.173172 -0.062007 -0.052296
-1 1474987379.628772 2.406365 -0.609403 -4.846083 -0.173506 -0.063648 -0.051695
-1 1474987379.638639 2.448752 -0.606226 -4.894363 -0.175603 -0.063414 -0.052244
-1 1474987379.648502 2.513303 -0.543703 -4.980838 -0.180163 -0.062135 -0.054044
-1 1474987379.658664 2.489927 -0.509454 -5.009136 -0.182843 -0.061987 -0.056627
-1 1474987379.668697 2.394364 -0.52819 -5.021158 -0.184596 -0.061667 -0.056162
-1 1474987379.679348 2.390751 -0.564932 -5.003711 -0.18132 -0.059602 -0.056206
-1 1474987379.688825 2.371683 -0.599236 -5.029353 -0.180978 -0.057879 -0.054157
-1 1474987379.698866 2.364808 -0.642759 -5.06265 -0.18126 -0.056014 -0.051876
-1 1474987379.708962 2.432566 -0.614277 -5.088203 -0.181466 -0.05437 -0.049146
-1 1474987379.719111 2.486321 -0.590409 -5.100363 -0.181287 -0.055305 -0.046031
-1 1474987379.729357 2.485891 -0.493198 -5.100205 -0.183334 -0.057122 -0.040401
-1 1474987379.739235 2.488814 -0.398148 -5.090285 -0.185542 -0.058573 -0.037583
-1 1474987379.749322 2.485813 -0.308129 -5.087758 -0.187709 -0.059627 -0.034545
-1 1474987379.759453 2.434803 -0.228168 -5.051451 -0.1885 -0.061429 -0.030261
-1 1474987379.769789 2.373654 -0.193959 -4.982528 -0.186198 -0.06243 -0.026267
-1 1474987379.779915 2.349094 -0.186163 -4.974773 -0.18659 -0.062195 -0.026348
-1 1474987379.789522 2.387153 -0.224541 -5.020635 -0.189541 -0.061142 -0.033706
-1 1474987379.799877 2.43582 -0.238133 -5.040706 -0.190981 -0.060117 -0.041301
-1 1474987379.809647 2.452221 -0.299044 -5.023267 -0.189012 -0.05927 -0.046192
-1 1474987379.819730 2.49802 -0.390324 -5.020419 -0.186425 -0.058798 -0.049441
-1 1474987379.830014 2.597556 -0.49031 -5.006985 -0.183885 -0.060055 -0.057887
-1 1474987379.839769 2.615067 -0.562041 -4.969531 -0.181531 -0.06149 -0.063925
-1 1474987379.849871 2.596561 -0.647168 -4.934279 -0.178443 -0.063111 -0.066347
-1 1474987379.859924 2.59862 -0.703661 -4.958056 -0.178533 -0.063709 -0.068039
-1 1474987379.870013 2.574498 -0.762359 -4.963585 -0.177871 -0.063962 -0.069325
-1 1474987379.880299 2.521773 -0.775986 -4.946839 -0.176538 -0.062702 -0.068746
-1 1474987379.890131 2.525938 -0.831703 -4.926919 -0.173849 -0.059806 -0.070551
-1 1474987379.900202 2.502634 -0.82546 -4.931977 -0.173431 -0.056656 -0.066447
-1 1474987379.910411 2.496627 -0.831366 -4.977014 -0.175187 -0.054458 -0.063596
-1 1474987379.920284 2.581223 -0.761097 -5.007999 -0.176112 -0.052593 -0.061929
-1 1474987379.930538 2.615886 -0.678479 -5.02488 -0.178087 -0.051639 -0.05971
-1 1474987379.940328 2.638581 -0.612422 -5.032626 -0.180111 -0.053209 -0.057289
-1 1474987379.950445 2.575962 -0.508169 -5.020499 -0.181988 -0.056272 -0.049228
-1 1474987379.960505 2.552592 -0.440147 -4.983242 -0.181218 -0.057343 -0.044638
-1 1474987379.970751 2.458614 -0.418899 -4.973968 -0.183204 -0.058219 -0.041327
-1 1474987379.980885 2.360629 -0.400009 -4.938903 -0.181608 -0.060552 -0.036954
-1 1474987379.990763 2.28505 -0.45088 -4.955412 -0.182452 -0.061877 -0.037021
-1 1474987380.000774 2.408202 -0.431695 -5.000615 -0.183578 -0.055393 -0.043351
-1 1474987380.010901 2.567776 -0.336914 -5.026232 -0.185511 -0.046839 -0.047525
-1 1474987380.021176 2.690081 -0.199347 -5.001588 -0.184036 -0.043639 -0.043957
-1 1474987380.031334 2.669638 -0.173755 -4.934278 -0.182561 -0.047293 -0.039111
-1 1474987380.041030 2.46356 -0.281061 -4.896699 -0.184783 -0.054955 -0.039962
-1 1474987380.051087 2.293535 -0.460106 -4.95426 -0.188432 -0.060714 -0.049019
-1 1474987380.061055 2.280252 -0.595923 -5.006759 -0.188497 -0.062395 -0.061489
-1 1474987380.071349 2.303002 -0.647051 -4.959076 -0.18273 -0.05866 -0.067405
-1 1474987380.081458 2.383191 -0.670728 -4.972756 -0.18101 -0.04731 -0.068625
-1 1474987380.091377 2.596574 -0.715841 -5.069095 -0.182513 -0.039145 -0.074611
-1 1474987380.101331 2.694556 -0.716397 -5.153878 -0.184836 -0.043353 -0.078488
-1 1474987380.111470 2.727738 -0.666228 -5.121139 -0.182798 -0.052758 -0.075868
-1 1474987380.121916 2.61331 -0.677182 -4.97051 -0.178138 -0.062379 -0.066292
-1 1474987380.131744 2.595956 -0.628409 -4.871637 -0.17572 -0.065762 -0.058203
-1 1474987380.141628 2.608694 -0.523813 -4.893307 -0.18124 -0.067468 -0.057267
-1 1474987380.151732 2.534172 -0.393344 -4.895836 -0.184863 -0.071921 -0.058251
-1 1474987380.161779 2.455133 -0.391683 -4.872937 -0.18303 -0.071913 -0.059882
-1 1474987380.172102 2.417832 -0.479651 -4.838489 -0.177528 -0.067051 -0.059447
-1 1474987380.182065 2.40651 -0.486121 -4.908596 -0.178761 -0.05939 -0.051537
-1 1474987380.191775 2.476531 -0.490392 -4.964858 -0.179139 -0.055123 -0.047417
-1 1474987380.201839 2.447598 -0.460397 -4.994095 -0.181597 -0.057361 -0.045687
-1 1474987380.211925 2.418777 -0.468303 -5.010849 -0.183696 -0.061324 -0.048039
-1 1474987380.222337 2.415245 -0.421069 -5.005638 -0.184069 -0.063417 -0.047117
-1 1474987380.232195 2.463671 -0.401851 -4.973537 -0.183028 -0.063634 -0.047995
-1 1474987380.242095 2.503052 -0.421385 -4.908334 -0.181666 -0.065663 -0.0525
-1 1474987380.252297 2.527111 -0.488442 -4.865058 -0.181001 -0.068268 -0.061005
-1 1474987380.262267 2.529608 -0.594729 -4.845534 -0.17841 -0.069806 -0.06805
-1 1474987380.272606 2.477558 -0.696458 -4.838708 -0.17589 -0.06882 -0.068738
-1 1474987380.282707 2.433357 -0.773673 -4.848691 -0.174717 -0.065989 -0.066694
-1 1474987380.292498 2.456555 -0.766189 -4.865958 -0.173343 -0.06278 -0.065572
-1 1474987380.302598 2.491565 -0.734154 -4.929785 -0.175452 -0.060646 -0.066877
-1 1474987380.312442 2.52647 -0.732238 -4.98136 -0.177175 -0.061114 -0.070141
-1 1474987380.323079 2.515528 -0.753759 -4.989853 -0.177736 -0.064529 -0.071105
-1 1474987380.333109 2.533513 -0.796314 -4.929334 -0.174772 -0.06853 -0.072587
-1 1474987380.342773 2.560828 -0.803156 -4.859496 -0.17189 -0.070915 -0.071493
-1 1474987380.353196 2.562886 -0.839461 -4.810866 -0.168569 -0.072927 -0.070243
-1 1474987380.363005 2.504591 -0.826121 -4.837008 -0.171646 -0.072613 -0.06797
-1 1474987380.373178 2.516379 -0.809576 -4.888593 -0.172852 -0.070144 -0.067549
-1 1474987380.383285 2.496686 -0.785077 -4.973418 -0.176382 -0.066538 -0.065012
-1 1474987380.392999 2.511878 -0.66116 -5.009289 -0.17794 -0.060586 -0.058818
-1 1474987380.403163 2.507109 -0.621319 -5.056006 -0.179648 -0.057668 -0.053472
-1 1474987380.413270 2.483248 -0.553222 -5.083361 -0.181434 -0.057382 -0.047497
-1 1474987380.424067 2.461734 -0.50727 -5.077387 -0.181533 -0.060408 -0.042947
-1 1474987380.433498 2.445841 -0.414294 -5.081582 -0.18437 -0.065484 -0.039376
-1 1474987380.443355 2.43333 -0.382853 -5.010174 -0.182186 -0.069568 -0.040585
-1 1474987380.453339 2.404347 -0.394236 -4.942962 -0.17971 -0.071419 -0.041769
-1 1474987380.463368 2.369816 -0.412236 -4.913516 -0.17949 -0.071656 -0.043308
-1 1474987380.473867 2.376547 -0.42572 -4.899393 -0.179178 -0.069784 -0.047287
-1 1474987380.484232 2.386779 -0.488741 -4.906145 -0.178381 -0.068382 -0.051789
-1 1474987380.493516 2.358515 -0.555738 -4.901045 -0.175814 -0.067398 -0.05102
-1 1474987380.503742 2.304868 -0.630107 -4.879521 -0.172622 -0.066935 -0.047731
-1 1474987380.513909 2.27672 -0.675837 -4.873344 -0.172142 -0.066582 -0.04824
-1 1474987380.524160 2.291648 -0.675094 -4.872724 -0.172952 -0.066085 -0.052192
-1 1474987380.534205 2.336384 -0.709271 -4.84669 -0.171002 -0.06525 -0.056834
-1 1474987380.543916 2.373906 -0.742468 -4.85543 -0.171115 -0.064146 -0.059367
-1 1474987380.554078 2.421984 -0.76011 -4.877782 -0.171662 -0.064513 -0.060851
-1 1474987380.564155 2.425041 -0.749385 -4.872702 -0.170898 -0.066258 -0.057975
-1 1474987380.574401 2.36297 -0.716936 -4.865884 -0.17196 -0.068238 -0.05348
-1 1474987380.584430 2.340691 -0.674434 -4.87915 -0.173684 -0.066621 -0.051989
-1 1474987380.594605 2.257991 -0.669257 -4.920821 -0.177096 -0.064965 -0.051243
-1 1474987380.604575 2.330007 -0.551004 -4.945824 -0.178142 -0.062113 -0.050666
-1 1474987380.614760 2.484133 -0.415858 -4.990006 -0.179487 -0.060076 -0.046776
-1 1474987380.624982 2.530889 -0.336335 -4.913961 -0.178004 -0.063623 -0.041324
-1 1474987380.634854 2.356272 -0.356459 -4.789905 -0.175962 -0.070965 -0.035847
-1 1474987380.644748 2.174753 -0.539834 -4.781543 -0.1758 -0.076909 -0.039301
-1 1474987380.654843 2.077022 -0.63778 -4.852535 -0.178358 -0.078002 -0.044708
-1 1474987380.664760 2.06556 -0.634264 -4.870881 -0.178139 -0.073693 -0.047891
-1 1474987380.675276 2.126425 -0.562386 -4.870432 -0.177873 -0.065197 -0.048565
-1 1474987380.685207 2.265296 -0.463226 -4.945205 -0.181004 -0.057726 -0.050312
-1 1474987380.694938 2.387164 -0.442886 -5.010886 -0.182278 -0.05665 -0.05337
-1 1474987380.705098 2.435056 -0.496042 -4.966265 -0.178843 -0.061304 -0.053844
-1 1474987380.715154 2.439377 -0.550884 -4.871301 -0.175486 -0.069117 -0.05152
-1 1474987380.725507 2.427323 -0.574527 -4.810704 -0.1752 -0.076236 -0.050512
-1 1474987380.735455 2.379084 -0.561912 -4.812966 -0.177953 -0.080267 -0.054437
-1 1474987380.745402 2.283767 -0.557434 -4.857929 -0.180697 -0.081394 -0.058453
-1 1474987380.755322 2.203975 -0.622813 -4.876108 -0.178402 -0.078316 -0.060488
-1 1474987380.765504 2.230935 -0.691877 -4.916752 -0.175666 -0.070924 -0.05949
-1 1474987380.775887 2.308024 -0.706466 -5.026395 -0.17681 -0.063243 -0.055091
-1 1474987380.785841 2.358339 -0.675028 -5.120259 -0.179723 -0.059791 -0.051097
-1 1474987380.795686 2.389927 -0.616879 -5.146351 -0.18149 -0.059944 -0.047304
-1 1474987380.805694 2.42788 -0.584725 -5.126608 -0.182558 -0.062083 -0.047327
-1 1474987380.815869 2.504544 -0.518001 -5.084613 -0.182947 -0.064738 -0.050868
-1 1474987380.826352 2.531716 -0.447916 -5.044749 -0.183828 -0.068362 -0.054555
-1 1474987380.836024 2.492392 -0.387874 -4.991064 -0.184178 -0.071371 -0.05592
-1 1474987380.846169 2.404451 -0.385454 -4.920182 -0.183248 -0.073665 -0.055188
-1 1474987380.856083 2.363104 -0.475479 -4.832287 -0.177405 -0.073958 -0.055567
-1 1474987380.866193 2.292854 -0.557053 -4.792937 -0.174736 -0.071651 -0.051695
-1 1474987380.876565 2.326909 -0.587052 -4.796837 -0.173252 -0.067837 -0.050144
-1 1474987380.886432 2.339283 -0.565001 -4.863188 -0.176866 -0.064825 -0.048557
-1 1474987380.896335 2.328428 -0.498048 -4.894377 -0.178779 -0.063553 -0.047819
-1 1474987380.906920 2.330562 -0.477049 -4.897799 -0.179823 -0.063565 -0.051519
-1 1474987380.916769 2.342181 -0.486537 -4.894598 -0.178926 -0.064819 -0.051824
-1 1474987380.926963 2.32298 -0.571941 -4.890332 -0.176884 -0.068265 -0.050348
-1 1474987380.936875 2.332965 -0.645991 -4.862481 -0.173662 -0.071579 -0.052036
