-1 1478188785.182742 1.027069 -0.997533 -4.005546 -0.171688 -0.079055 0.086566
-1 1478188785.190957 0.991028 -1.00326 -3.993174 -0.172385 -0.082513 0.086918
-1 1478188785.200731 0.996208 -0.966076 -3.97263 -0.171578 -0.083 0.088233
-1 1478188785.211018 1.002665 -0.945107 -3.943706 -0.171299 -0.082452 0.087776
-1 1478188785.221017 1.04292 -0.89827 -3.960272 -0.172798 -0.081432 0.087445
-1 1478188785.231307 1.060276 -0.894388 -3.966795 -0.172576 -0.081824 0.087055
-1 1478188785.241002 1.035928 -0.929436 -3.953822 -0.171569 -0.082102 0.087533
-1 1478188785.251113 1.012369 -0.911293 -3.961424 -0.172036 -0.080985 0.088975
-1 1478188785.261105 1.003187 -0.929621 -3.979129 -0.171771 -0.080762 0.088038
-1 1478188785.271578 0.968492 -0.938599 -4.029744 -0.174137 -0.081391 0.088819
-1 1478188785.281400 0.997035 -0.959779 -4.038897 -0.173383 -0.079851 0.087268
-1 1478188785.291434 1.004958 -0.963633 -4.050651 -0.17403 -0.080026 0.087511
-1 1478188785.301523 1.03838 -0.984513 -4.028465 -0.173 -0.081169 0.086494
-1 1478188785.311453 1.040816 -0.975447 -3.984102 -0.171615 -0.08264 0.088029
-1 1478188785.321795 1.007386 -0.95422 -3.935127 -0.170507 -0.084008 0.089193
-1 1478188785.332339 0.984009 -0.935877 -3.918502 -0.17029 -0.084361 0.089252
-1 1478188785.341640 0.988388 -0.926842 -3.945031 -0.170867 -0.08398 0.089058
-1 1478188785.351713 0.975341 -0.921408 -3.96483 -0.17121 -0.082584 0.090026
-1 1478188785.361855 0.926205 -0.902347 -3.995437 -0.173077 -0.081354 0.092737
-1 1478188785.371921 0.928098 -0.929833 -4.00562 -0.172451 -0.081095 0.090842
-1 1478188785.382536 0.889427 -0.95078 -4.018433 -0.173887 -0.081863 0.090394
-1 1478188785.392461 0.907786 -0.964534 -4.004085 -0.172887 -0.081043 0.088088
-1 1478188785.402131 0.924822 -0.960727 -3.997485 -0.172745 -0.080917 0.087422
-1 1478188785.412194 0.989136 -0.949249 -4.006304 -0.173027 -0.080993 0.086406
-1 1478188785.422308 1.04787 -0.927741 -4.00611 -0.173164 -0.081678 0.085215
-1 1478188785.432455 1.074025 -0.925595 -3.992745 -0.172308 -0.082921 0.085303
-1 1478188785.442343 1.028579 -0.915487 -3.981643 -0.171597 -0.084958 0.089041
-1 1478188785.452427 0.935126 -0.934118 -3.948371 -0.169875 -0.085979 0.092161
-1 1478188785.462578 0.852571 -0.930985 -3.944045 -0.169487 -0.085789 0.094865
-1 1478188785.472673 0.815426 -0.961353 -3.979388 -0.169948 -0.085463 0.095172
-1 1478188785.482653 0.896226 -0.952582 -4.027813 -0.170832 -0.081505 0.093793
-1 1478188785.492797 0.973694 -0.991933 -4.046002 -0.170598 -0.079729 0.090846
-1 1478188785.502850 1.004803 -0.977696 -4.049721 -0.171337 -0.080311 0.090889
-1 1478188785.512733 1.003277 -0.961761 -4.021286 -0.171448 -0.081678 0.090673
-1 1478188785.523000 0.965873 -0.933277 -3.987381 -0.171684 -0.084131 0.090813
-1 1478188785.533093 0.947311 -0.926148 -3.961771 -0.171248 -0.086825 0.09005
-1 1478188785.542968 0.937656 -0.912369 -3.940907 -0.171073 -0.086769 0.090516
-1 1478188785.552988 0.910532 -0.926037 -3.91974 -0.170361 -0.084798 0.090874
-1 1478188785.563195 0.897293 -0.885855 -3.942985 -0.171623 -0.083975 0.092697
-1 1478188785.573216 0.866738 -0.905585 -3.967874 -0.172203 -0.084155 0.093011
-1 1478188785.583537 0.86113 -0.931225 -3.985789 -0.171989 -0.082685 0.093243
-1 1478188785.593331 0.882128 -0.955729 -4.006529 -0.172775 -0.081461 0.091854
-1 1478188785.603420 0.927314 -0.926491 -4.030966 -0.173827 -0.081247 0.091022
-1 1478188785.613453 0.938688 -0.935403 -4.020835 -0.17349 -0.083128 0.090134
-1 1478188785.623706 0.922986 -0.925443 -3.992508 -0.172918 -0.085465 0.090746
-1 1478188785.633678 0.920204 -0.912858 -3.957934 -0.172161 -0.086636 0.091532
-1 1478188785.643564 0.939599 -0.8992 -3.930662 -0.171534 -0.085998 0.091129
-1 1478188785.653616 0.920436 -0.868114 -3.942421 -0.173053 -0.086579 0.092165
-1 1478188785.663789 0.905874 -0.87937 -3.946329 -0.173302 -0.086203 0.090474
-1 1478188785.673924 0.866934 -0.865724 -3.967505 -0.174519 -0.084439 0.091292
-1 1478188785.684102 0.838089 -0.885144 -3.98029 -0.17422 -0.082502 0.092418
-1 1478188785.694061 0.857448 -0.930925 -3.982268 -0.172575 -0.080532 0.091883
-1 1478188785.703851 0.908627 -0.943294 -3.997538 -0.172437 -0.07985 0.090724
-1 1478188785.713980 0.926201 -0.942781 -3.998324 -0.173397 -0.081706 0.089627
-1 1478188785.724327 0.944592 -0.931974 -3.980527 -0.173111 -0.083564 0.088648
-1 1478188785.734567 0.939608 -0.921352 -3.94229 -0.171963 -0.083811 0.089011
-1 1478188785.744231 0.922896 -0.919168 -3.902204 -0.170307 -0.083773 0.090515
-1 1478188785.754280 0.891158 -0.896512 -3.89143 -0.170194 -0.083905 0.092976
-1 1478188785.764354 0.877909 -0.909548 -3.89636 -0.169852 -0.083793 0.092554
-1 1478188785.774828 0.875275 -0.881782 -3.937803 -0.171956 -0.083021 0.092228
-1 1478188785.784611 0.9058 -0.896456 -3.957475 -0.171903 -0.080774 0.090805
-1 1478188785.794678 0.909452 -0.936367 -3.966408 -0.171777 -0.080049 0.091042
-1 1478188785.804721 0.90237 -0.948158 -3.952738 -0.170472 -0.079588 0.092066
-1 1478188785.814878 0.904856 -0.942788 -3.943585 -0.169729 -0.079003 0.093022
-1 1478188785.825060 0.963223 -0.938309 -3.961869 -0.170859 -0.079098 0.090625
-1 1478188785.835337 1.035641 -0.942188 -3.975848 -0.171762 -0.079924 0.087016
-1 1478188785.844963 1.044366 -0.928697 -3.966928 -0.171805 -0.081738 0.087052
-1 1478188785.855193 1.014157 -0.930258 -3.963595 -0.171511 -0.084308 0.088782
-1 1478188785.865098 0.995878 -0.916005 -3.97793 -0.172091 -0.085722 0.090812
-1 1478188785.875487 0.978721 -0.937185 -3.974802 -0.17153 -0.086562 0.090427
-1 1478188785.885274 0.958235 -0.932378 -3.983551 -0.171541 -0.086686 0.090335
-1 1478188785.895360 0.939975 -0.918866 -3.997525 -0.172316 -0.086516 0.090039
-1 1478188785.905708 0.945749 -0.888789 -4.013779 -0.173578 -0.08453 0.0897
-1 1478188785.915470 0.981194 -0.909697 -4.008831 -0.17353 -0.081971 0.08706
-1 1478188785.925934 0.991985 -0.910786 -3.997001 -0.172987 -0.079994 0.087504
-1 1478188785.935641 1.00899 -0.943832 -3.973105 -0.171325 -0.079168 0.087489
-1 1478188785.945681 1.038286 -0.915612 -3.974957 -0.171943 -0.078663 0.087313
-1 1478188785.955842 1.050863 -0.915747 -3.978629 -0.172638 -0.079978 0.085841
-1 1478188785.965755 1.002514 -0.893427 -3.986543 -0.174076 -0.081836 0.087729
-1 1478188785.976200 1.000169 -0.865713 -3.989089 -0.173765 -0.081428 0.089153
-1 1478188785.985848 1.025274 -0.878802 -3.996547 -0.173183 -0.080204 0.089757
-1 1478188785.995944 0.988194 -0.901434 -3.978866 -0.171881 -0.07934 0.092044
-1 1478188786.006118 0.944397 -0.940875 -3.959429 -0.170314 -0.079534 0.092777
-1 1478188786.015997 0.943602 -0.926645 -3.976455 -0.17153 -0.079369 0.091964
-1 1478188786.026425 0.983021 -0.929116 -3.991939 -0.172313 -0.078989 0.089814
-1 1478188786.036170 1.040102 -0.943075 -3.995512 -0.172355 -0.079358 0.08677
-1 1478188786.046133 1.006253 -0.899615 -4.00105 -0.174682 -0.081502 0.087101
-1 1478188786.056227 0.965028 -0.884999 -3.986525 -0.174623 -0.084298 0.087603
-1 1478188786.066336 0.947833 -0.899554 -3.970261 -0.173703 -0.085657 0.087378
-1 1478188786.076706 0.945371 -0.901148 -3.957154 -0.172674 -0.085019 0.088612
-1 1478188786.086393 0.926035 -0.909936 -3.936703 -0.171285 -0.083638 0.090032
-1 1478188786.096716 0.905129 -0.912966 -3.932192 -0.17111 -0.081632 0.08971
-1 1478188786.106561 0.928591 -0.904537 -3.95493 -0.172514 -0.080401 0.088427
-1 1478188786.116833 0.955116 -0.945091 -3.976225 -0.172793 -0.080488 0.086013
-1 1478188786.127245 0.989346 -0.959531 -3.993609 -0.172609 -0.080031 0.085347
-1 1478188786.136985 1.020783 -0.934297 -4.027305 -0.173829 -0.080601 0.085692
-1 1478188786.147072 1.041207 -0.928132 -4.036817 -0.174607 -0.082144 0.084038
-1 1478188786.157046 1.026478 -0.916671 -4.021553 -0.174531 -0.083226 0.085074
-1 1478188786.167476 1.021201 -0.922901 -4.000413 -0.173051 -0.084033 0.086555
-1 1478188786.177458 0.975127 -0.905794 -3.973352 -0.172218 -0.084122 0.089654
-1 1478188786.187226 0.984186 -0.932433 -3.95611 -0.170582 -0.082898 0.08928
-1 1478188786.197236 1.012406 -0.914675 -3.98905 -0.171841 -0.081285 0.089314
-1 1478188786.207453 1.012262 -0.935216 -4.000894 -0.172466 -0.080666 0.086906
-1 1478188786.217494 0.994185 -0.927986 -4.026336 -0.173146 -0.08037 0.088033
-1 1478188786.227967 1.028541 -0.957829 -4.03875 -0.172433 -0.079167 0.087119
-1 1478188786.237722 1.07101 -0.957164 -4.035618 -0.171904 -0.076906 0.086204
-1 1478188786.247695 1.065451 -0.943907 -4.019859 -0.171707 -0.077452 0.086591
-1 1478188786.257633 1.045437 -0.920173 -4.007872 -0.171626 -0.079019 0.088207
-1 1478188786.267961 1.033745 -0.947725 -3.971402 -0.1696 -0.080169 0.08888
-1 1478188786.278098 1.001267 -0.957364 -3.937503 -0.168251 -0.080362 0.090421
-1 1478188786.287869 0.984702 -0.934464 -3.941089 -0.16889 -0.080638 0.091157
-1 1478188786.298036 0.973593 -0.926369 -3.961858 -0.169899 -0.081574 0.090506
-1 1478188786.308217 0.95961 -0.930003 -3.975512 -0.170543 -0.081267 0.090074
-1 1478188786.318540 0.963069 -0.922847 -3.981142 -0.170662 -0.079062 0.09031
-1 1478188786.328497 0.968819 -0.920055 -4.018116 -0.172022 -0.078186 0.090101
-1 1478188786.338292 0.970167 -0.889078 -4.06369 -0.174362 -0.080561 0.089719
-1 1478188786.348317 0.951321 -0.878193 -4.069327 -0.174516 -0.080894 0.090556
-1 1478188786.358472 1.010022 -0.925751 -4.036212 -0.171897 -0.079093 0.088985
-1 1478188786.368766 1.104755 -1.001178 -4.005964 -0.16893 -0.079274 0.086815
-1 1478188786.378916 1.162192 -1.049678 -3.978778 -0.167392 -0.081502 0.086804
-1 1478188786.388657 1.13518 -1.01917 -3.960274 -0.168495 -0.084884 0.087734
-1 1478188786.398614 1.059621 -0.977742 -3.964009 -0.170599 -0.086441 0.086746
-1 1478188786.408755 0.985016 -0.910849 -3.998168 -0.172786 -0.084766 0.087926
-1 1478188786.419012 0.94964 -0.872838 -4.040338 -0.173787 -0.081195 0.090582
-1 1478188786.429003 0.968243 -0.868949 -4.059587 -0.173717 -0.077464 0.091733
-1 1478188786.438861 1.024691 -0.882977 -4.070631 -0.173874 -0.076179 0.09101
-1 1478188786.448899 1.091008 -0.937195 -4.074303 -0.173877 -0.077518 0.087524
-1 1478188786.459116 1.133949 -0.975207 -4.050855 -0.173081 -0.079674 0.083132
-1 1478188786.469309 1.093878 -1.027764 -4.020937 -0.172539 -0.08304 0.081445
-1 1478188786.479449 1.071495 -0.991553 -4.008515 -0.173565 -0.08404 0.083243
-1 1478188786.489062 1.099533 -0.971076 -3.983815 -0.172316 -0.08182 0.08341
-1 1478188786.499258 1.143889 -0.948065 -3.985113 -0.171665 -0.079444 0.083955
-1 1478188786.509291 1.139983 -0.947647 -4.00162 -0.172086 -0.080658 0.084093
-1 1478188786.519610 1.05191 -0.897957 -4.019713 -0.174011 -0.083355 0.0879
-1 1478188786.529652 0.96072 -0.896323 -3.996044 -0.173879 -0.084848 0.089596
-1 1478188786.539461 0.921454 -0.885828 -3.984332 -0.174196 -0.084022 0.08894
-1 1478188786.549412 0.898592 -0.908106 -3.98846 -0.174343 -0.082686 0.088518
-1 1478188786.559622 0.949486 -0.928325 -3.994674 -0.172799 -0.079345 0.087597
-1 1478188786.570217 1.035788 -0.973754 -4.006301 -0.171778 -0.077383 0.086831
-1 1478188786.580209 1.06699 -1.018286 -3.979669 -0.16999 -0.078883 0.087058
-1 1478188786.589715 1.01534 -0.988214 -3.946182 -0.170441 -0.082733 0.08884
-1 1478188786.599781 0.963571 -0.907317 -3.933071 -0.172263 -0.085395 0.090553
-1 1478188786.609916 0.915758 -0.866254 -3.928507 -0.173977 -0.086078 0.090762
-1 1478188786.620528 0.9164 -0.827941 -3.932413 -0.173231 -0.08367 0.091291
-1 1478188786.630245 0.898388 -0.857372 -3.954152 -0.172404 -0.081834 0.092521
-1 1478188786.640170 0.935863 -0.922451 -3.979828 -0.17114 -0.079532 0.090519
-1 1478188786.650200 0.94945 -0.962363 -4.0053 -0.171248 -0.079464 0.089536
-1 1478188786.660278 0.937623 -0.969273 -4.008281 -0.171007 -0.080004 0.090971
-1 1478188786.670449 0.958505 -0.988838 -3.98151 -0.169785 -0.0787 0.089569
-1 1478188786.680623 0.998929 -0.946517 -3.973788 -0.170766 -0.077019 0.088477
-1 1478188786.690397 1.066173 -0.954603 -3.980017 -0.171464 -0.077362 0.08487
-1 1478188786.700391 1.083318 -0.9503 -3.988833 -0.172387 -0.079213 0.08435
-1 1478188786.710563 1.067961 -0.942965 -3.973343 -0.171775 -0.081016 0.085752
-1 1478188786.720781 0.998813 -0.927352 -3.959072 -0.172133 -0.083497 0.0885
-1 1478188786.730845 0.93972 -0.894672 -3.944312 -0.171729 -0.084564 0.091389
-1 1478188786.740788 0.882422 -0.891795 -3.937722 -0.17197 -0.083166 0.092343
-1 1478188786.750877 0.910267 -0.924695 -3.944954 -0.170585 -0.078959 0.089848
-1 1478188786.760835 0.935831 -0.951398 -3.977387 -0.170667 -0.075978 0.089469
-1 1478188786.771100 0.962054 -0.952197 -4.006072 -0.172202 -0.074264 0.08904
-1 1478188786.781282 0.976931 -0.966349 -4.010793 -0.173481 -0.07437 0.087968
-1 1478188786.791015 0.978737 -0.979911 -3.995469 -0.173534 -0.07511 0.086747
-1 1478188786.800955 0.998077 -0.996519 -3.994788 -0.173763 -0.075706 0.083925
-1 1478188786.811086 0.995788 -0.98418 -4.019301 -0.1755 -0.075918 0.082424
-1 1478188786.821346 0.958583 -0.9818 -4.045274 -0.17641 -0.076601 0.082986
-1 1478188786.831526 0.919353 -0.978495 -4.07945 -0.177367 -0.076602 0.084558
-1 1478188786.841332 0.937477 -1.030731 -4.109049 -0.177604 -0.074736 0.081716
-1 1478188786.851440 0.952193 -1.057866 -4.147561 -0.178877 -0.072151 0.079843
-1 1478188786.861608 0.967344 -1.118716 -4.168514 -0.179711 -0.069857 0.075251
-1 1478188786.871712 0.949519 -1.16474 -4.180021 -0.181384 -0.067045 0.070668
-1 1478188786.881840 0.961935 -1.166887 -4.185718 -0.18267 -0.062472 0.066994
-1 1478188786.891688 0.96757 -1.272693 -4.196856 -0.182202 -0.059384 0.060432
-1 1478188786.901735 1.021665 -1.314807 -4.233801 -0.183824 -0.055538 0.054337
-1 1478188786.911956 1.068129 -1.397169 -4.253716 -0.183881 -0.053203 0.046908
-1 1478188786.922017 1.038538 -1.481194 -4.286206 -0.185368 -0.052847 0.043308
-1 1478188786.932031 0.967567 -1.571976 -4.307186 -0.185678 -0.052304 0.040243
-1 1478188786.941869 0.957782 -1.635755 -4.357028 -0.187008 -0.050574 0.036168
-1 1478188786.952053 0.935244 -1.701359 -4.446981 -0.191085 -0.049205 0.03226
-1 1478188786.962087 1.013195 -1.754893 -4.503138 -0.192214 -0.045057 0.023755
-1 1478188786.972188 1.052742 -1.871554 -4.537912 -0.193027 -0.041496 0.014229
-1 1478188786.982440 1.101347 -1.971031 -4.554519 -0.194036 -0.038005 0.005181
-1 1478188786.992178 1.113406 -2.086157 -4.560212 -0.195194 -0.03408 -0.003567
-1 1478188787.002345 1.120767 -2.179362 -4.572594 -0.195763 -0.026018 -0.011351
-1 1478188787.012396 1.082509 -2.237606 -4.586818 -0.196706 -0.016064 -0.016041
-1 1478188787.022711 1.040841 -2.217877 -4.645143 -0.200285 -0.002793 -0.015886
-1 1478188787.032953 0.893665 -2.24426 -4.783077 -0.20723 0.016221 -0.012803
-1 1478188787.042546 0.68697 -2.28633 -5.031082 -0.217955 0.041665 -0.008643
-1 1478188787.052509 0.430412 -2.380113 -5.395536 -0.231066 0.074389 -0.00381
-1 1478188787.062799 0.185067 -2.482497 -5.857382 -0.245433 0.114211 0.000784
-1 1478188787.072873 -0.038376 -2.642388 -6.39792 -0.26072 0.158299 0.000871
-1 1478188787.083200 -0.197762 -2.822911 -6.954053 -0.275829 0.204382 -0.00381
-1 1478188787.092781 -0.345447 -3.049125 -7.46896 -0.288334 0.248761 -0.01193
-1 1478188787.102986 -0.45612 -3.265004 -7.95715 -0.297745 0.295266 -0.018869
-1 1478188787.112959 -0.540949 -3.435744 -8.451217 -0.305067 0.346545 -0.022779
-1 1478188787.123182 -0.625524 -3.534552 -9.00055 -0.312423 0.402402 -0.025362
-1 1478188787.133210 -0.782764 -3.599569 -9.595344 -0.322134 0.462879 -0.024971
-1 1478188787.143490 -0.909267 -3.726863 -10.198963 -0.328143 0.529194 -0.025692
-1 1478188787.153187 -1.082847 -3.843362 -10.827385 -0.334338 0.601893 -0.021571
-1 1478188787.163367 -1.299703 -3.993254 -11.529183 -0.343996 0.680558 -0.017577
-1 1478188787.173529 -1.504061 -4.080156 -12.361944 -0.359612 0.767022 -0.015375
-1 1478188787.183442 -1.647492 -4.169097 -13.270139 -0.378141 0.859472 -0.02048
-1 1478188787.193520 -1.920891 -4.353091 -14.186432 -0.396932 0.953628 -0.027158
-1 1478188787.203551 -2.186766 -4.560006 -15.131212 -0.416444 1.051998 -0.031581
-1 1478188787.213434 -2.386301 -4.880293 -16.093837 -0.435736 1.153222 -0.03747
-1 1478188787.223744 -2.391219 -5.20228 -17.071844 -0.453837 1.254685 -0.049996
-1 1478188787.233683 -2.324053 -5.573731 -18.022848 -0.472328 1.356988 -0.061986
-1 1478188787.243680 -2.133 -5.931244 -18.965122 -0.493267 1.46004 -0.068639
-1 1478188787.253629 -1.950912 -6.160855 -19.86469 -0.51597 1.556031 -0.069095
-1 1478188787.263684 -1.879385 -6.309384 -20.696533 -0.539814 1.648865 -0.060165
-1 1478188787.274081 -1.782977 -6.346895 -21.555805 -0.566796 1.743195 -0.0469
-1 1478188787.284133 -1.785687 -6.36397 -22.409571 -0.596317 1.836971 -0.032362
-1 1478188787.294015 -1.97122 -6.45204 -23.243383 -0.625341 1.926816 -0.016781
-1 1478188787.303971 -2.058799 -6.496823 -24.118179 -0.652853 2.020396 -0.000657
-1 1478188787.314001 -2.220433 -6.552169 -25.165489 -0.685082 2.133887 0.019232
-1 1478188787.324272 -2.331106 -6.493128 -26.375544 -0.72348 2.261655 0.038819
-1 1478188787.334338 -2.56006 -6.478358 -27.527243 -0.757425 2.387977 0.060694
-1 1478188787.344231 -2.72482 -6.448071 -28.693865 -0.790909 2.516168 0.079391
-1 1478188787.354209 -2.815576 -6.460467 -29.884992 -0.823313 2.644978 0.086876
-1 1478188787.364327 -2.759917 -6.544267 -31.104159 -0.850882 2.777021 0.087274
-1 1478188787.374782 -2.759968 -6.711495 -32.324476 -0.876865 2.907831 0.085622
-1 1478188787.384671 -2.91978 -6.862477 -33.514883 -0.902651 3.030862 0.088938
-1 1478188787.394709 -2.985392 -7.065386 -34.709523 -0.928152 3.148098 0.088923
-1 1478188787.404671 -3.124976 -7.364466 -35.857297 -0.954334 3.26023 0.085803
-1 1478188787.414686 -3.079589 -7.686158 -36.904751 -0.978466 3.366643 0.074286
-1 1478188787.424931 -3.096508 -8.010666 -37.830776 -1.001027 3.467942 0.064315
-1 1478188787.434999 -3.185987 -8.258988 -38.639823 -1.021737 3.56535 0.062923
-1 1478188787.445000 -3.057813 -8.423839 -39.403124 -1.041143 3.660849 0.060159
-1 1478188787.454984 -2.770833 -8.546929 -40.17573 -1.062443 3.749971 0.048714
-1 1478188787.464915 -2.60503 -8.684285 -40.872442 -1.081913 3.828375 0.033933
-1 1478188787.475328 -2.807524 -8.890744 -41.521288 -1.101003 3.897111 0.026406
-1 1478188787.485116 -2.84358 -9.071554 -42.192281 -1.120168 3.957432 0.015518
-1 1478188787.495269 -2.969173 -9.293233 -42.757479 -1.134449 4.016286 0.008121
-1 1478188787.505229 -3.107488 -9.549871 -43.251868 -1.145011 4.078293 0.003124
-1 1478188787.515381 -2.808891 -9.766307 -43.729233 -1.15262 4.146101 -0.010237
-1 1478188787.525576 -2.844585 -9.904057 -44.201204 -1.166679 4.213343 -0.01473
-1 1478188787.535470 -2.603168 -9.98114 -44.696296 -1.179319 4.275895 -0.030803
-1 1478188787.545426 -2.462541 -10.038988 -45.106829 -1.187564 4.340333 -0.046274
-1 1478188787.555444 -2.368359 -10.234564 -45.518979 -1.192284 4.404111 -0.058454
-1 1478188787.565471 -2.323791 -10.431754 -45.938056 -1.194945 4.47215 -0.063806
-1 1478188787.576237 -2.390349 -10.660969 -46.331498 -1.199559 4.547098 -0.0665
-1 1478188787.585645 -2.252528 -10.892496 -46.779086 -1.209451 4.621319 -0.073672
-1 1478188787.596105 -2.039594 -11.108154 -47.244183 -1.221373 4.694322 -0.087282
-1 1478188787.606218 -1.787335 -11.265673 -47.687309 -1.232553 4.76761 -0.101405
-1 1478188787.616184 -1.378633 -11.457726 -48.146144 -1.24069 4.838058 -0.113433
-1 1478188787.626443 -1.474927 -11.710844 -48.680808 -1.254275 4.906784 -0.109537
-1 1478188787.636411 -1.506908 -11.873875 -49.285943 -1.271337 4.972897 -0.105879
-1 1478188787.646287 -1.225454 -12.073992 -49.826476 -1.285384 5.039603 -0.111201
-1 1478188787.656324 -1.43478 -12.359256 -50.234252 -1.29946 5.102824 -0.105309
-1 1478188787.666411 -1.226221 -12.555087 -50.718867 -1.309271 5.158692 -0.113195
-1 1478188787.677093 -1.317073 -12.738082 -51.226161 -1.318785 5.212192 -0.112834
-1 1478188787.686526 -1.366149 -12.84063 -51.74295 -1.33127 5.2688 -0.105159
-1 1478188787.696552 -1.114293 -12.911643 -52.287579 -1.344348 5.329021 -0.102931
-1 1478188787.706776 -1.189227 -12.947024 -52.757653 -1.360363 5.386466 -0.091338
-1 1478188787.716714 -1.072096 -12.983098 -53.180089 -1.376339 5.439632 -0.08817
-1 1478188787.727136 -1.311003 -12.990215 -53.59978 -1.396541 5.486456 -0.08123
-1 1478188787.736820 -1.333405 -13.006506 -54.03036 -1.414553 5.531411 -0.083706
-1 1478188787.747036 -1.255495 -13.095263 -54.410527 -1.428504 5.579061 -0.088995
-1 1478188787.756930 -1.06215 -13.247601 -54.717687 -1.439204 5.626576 -0.093783
-1 1478188787.767019 -0.953817 -13.274702 -54.984942 -1.451346 5.671296 -0.089577
-1 1478188787.777589 -1.018825 -13.256631 -55.231307 -1.465059 5.716615 -0.078668
-1 1478188787.787034 -1.072317 -13.233473 -55.552679 -1.480726 5.765338 -0.063874
-1 1478188787.797207 -1.321177 -13.254156 -55.997677 -1.500834 5.815707 -0.049059
-1 1478188787.807458 -1.32475 -13.371893 -56.52905 -1.521464 5.870889 -0.049552
-1 1478188787.817582 -1.697498 -13.573177 -57.01795 -1.542713 5.927374 -0.043102
-1 1478188787.827714 -1.539646 -13.781421 -57.52918 -1.562412 5.984301 -0.051166
-1 1478188787.837336 -1.654787 -13.946063 -58.06495 -1.585871 6.035701 -0.054379
-1 1478188787.847451 -1.471346 -14.109351 -58.586851 -1.606679 6.085023 -0.068552
-1 1478188787.857634 -1.180402 -14.326267 -59.111429 -1.626499 6.130342 -0.088355
-1 1478188787.867597 -0.8477 -14.532544 -59.540234 -1.643361 6.162291 -0.112705
-1 1478188787.877884 -0.927562 -14.7241 -59.839641 -1.658724 6.17946 -0.127679
-1 1478188787.887687 -1.022039 -14.975349 -60.117955 -1.67225 6.192448 -0.146335
-1 1478188787.897726 -1.190382 -15.282222 -60.339266 -1.680524 6.207372 -0.169087
-1 1478188787.907698 -1.357555 -15.681189 -60.519471 -1.682149 6.231858 -0.192247
-1 1478188787.918180 -1.319934 -16.055072 -60.785011 -1.684273 6.266221 -0.214763
-1 1478188787.928007 -1.163767 -16.347936 -61.089004 -1.687642 6.299124 -0.238685
-1 1478188787.937832 -1.000079 -16.47005 -61.391418 -1.694274 6.325572 -0.260971
-1 1478188787.947843 -0.908924 -16.53007 -61.696219 -1.703331 6.3397 -0.283716
-1 1478188787.958011 -0.97956 -16.6044 -61.976227 -1.711096 6.341133 -0.30198
-1 1478188787.968266 -0.89618 -16.715018 -62.196019 -1.712917 6.339429 -0.323657
-1 1478188787.978645 -1.358781 -16.914652 -62.346697 -1.715949 6.339085 -0.33475
-1 1478188787.988368 -1.173249 -17.107377 -62.47815 -1.712167 6.347133 -0.362437
-1 1478188787.998515 -1.206888 -17.337307 -62.528397 -1.708564 6.354095 -0.38588
-1 1478188788.008501 -0.952 -17.514096 -62.531378 -1.702186 6.35891 -0.417387
-1 1478188788.018847 -0.3762 -17.629483 -62.520196 -1.69335 6.359618 -0.453937
-1 1478188788.028899 -0.396482 -17.734526 -62.472514 -1.690026 6.35291 -0.472359
-1 1478188788.038631 -0.269051 -17.850874 -62.358411 -1.681237 6.342013 -0.491821
-1 1478188788.048654 -0.262674 -18.014803 -62.177701 -1.670287 6.324323 -0.505603
-1 1478188788.058817 -0.279142 -18.099516 -62.025283 -1.661065 6.306003 -0.512739
-1 1478188788.069002 -0.310304 -18.148553 -61.876007 -1.651807 6.293631 -0.515246
-1 1478188788.079114 -0.356467 -18.111468 -61.767606 -1.645613 6.289508 -0.514503
-1 1478188788.089038 -0.403984 -17.970441 -61.768082 -1.643565 6.287239 -0.510829
-1 1478188788.098999 -0.71109 -17.851989 -61.811613 -1.644184 6.286308 -0.501902
-1 1478188788.109162 -0.938997 -17.860676 -61.92183 -1.64236 6.292765 -0.500652
-1 1478188788.119352 -1.122896 -17.962333 -62.13626 -1.642222 6.306362 -0.506225
-1 1478188788.129463 -1.288758 -18.102927 -62.386346 -1.643739 6.32276 -0.516979
-1 1478188788.139289 -1.427734 -18.259647 -62.62402 -1.645291 6.339257 -0.531508
-1 1478188788.149335 -1.500531 -18.484719 -62.881315 -1.644972 6.356123 -0.551027
-1 1478188788.159440 -1.512197 -18.649559 -63.169705 -1.644685 6.371833 -0.571749
-1 1478188788.169639 -1.339939 -18.814209 -63.42928 -1.639252 6.388032 -0.592976
-1 1478188788.180011 -1.533224 -18.95533 -63.622352 -1.637251 6.402305 -0.599247
-1 1478188788.189588 -1.1532 -19.080491 -63.763132 -1.626901 6.41551 -0.620216
-1 1478188788.199629 -1.388373 -19.140817 -63.853209 -1.623674 6.427301 -0.62212
-1 1478188788.209672 -1.321647 -19.148098 -63.96362 -1.617018 6.443498 -0.628311
-1 1478188788.219987 -1.289922 -19.213796 -64.102877 -1.611823 6.458811 -0.638565
-1 1478188788.230156 -1.544671 -19.237226 -64.23849 -1.612008 6.473523 -0.645945
-1 1478188788.240180 -1.294023 -19.35147 -64.371802 -1.60275 6.491353 -0.66909
-1 1478188788.250169 -1.343042 -19.521572 -64.50666 -1.596789 6.511417 -0.685199
-1 1478188788.260269 -1.595124 -19.73047 -64.622426 -1.593325 6.535988 -0.696568
-1 1478188788.270482 -1.422721 -19.902461 -64.811951 -1.58763 6.5648 -0.711547
-1 1478188788.280597 -1.549715 -20.059154 -65.020429 -1.588531 6.590241 -0.715176
-1 1478188788.290281 -1.480185 -20.105199 -65.254411 -1.589877 6.6138 -0.720227
-1 1478188788.300474 -1.469579 -20.056922 -65.536781 -1.597501 6.635877 -0.724368
-1 1478188788.310645 -1.677932 -20.051093 -65.7861 -1.607254 6.653053 -0.728067
-1 1478188788.320749 -1.519473 -20.120786 -66.01033 -1.60748 6.668406 -0.74303
-1 1478188788.331184 -1.464463 -20.26823 -66.196612 -1.606698 6.684583 -0.756539
-1 1478188788.341027 -1.418847 -20.403543 -66.369307 -1.60605 6.701095 -0.765991
-1 1478188788.350796 -1.139145 -20.557794 -66.533422 -1.60241 6.710261 -0.780236
-1 1478188788.360887 -0.99714 -20.704979 -66.663707 -1.601633 6.710474 -0.792502
-1 1478188788.371153 -1.166731 -20.747075 -66.713779 -1.603928 6.705623 -0.795323
-1 1478188788.381176 -0.951891 -20.737592 -66.731205 -1.598979 6.700666 -0.805333
-1 1478188788.391039 -1.008392 -20.694255 -66.768262 -1.599931 6.694774 -0.808322
-1 1478188788.401058 -0.880232 -20.695354 -66.771155 -1.594929 6.687438 -0.818489
-1 1478188788.410975 -0.843658 -20.77896 -66.772736 -1.589568 6.677563 -0.830041
-1 1478188788.421555 -0.600189 -20.893096 -66.792531 -1.579946 6.668104 -0.851409
-1 1478188788.431377 -0.830748 -20.969145 -66.810535 -1.576647 6.660007 -0.859614
-1 1478188788.441243 -0.935242 -21.066715 -66.849509 -1.57205 6.651544 -0.867893
-1 1478188788.451391 -0.782528 -21.166768 -66.905469 -1.564446 6.641905 -0.883553
-1 1478188788.461452 -0.980002 -21.225006 -66.922046 -1.561631 6.631101 -0.889536
-1 1478188788.471837 -0.567865 -21.293978 -66.920681 -1.547374 6.621162 -0.910705
-1 1478188788.481918 -0.567719 -21.261006 -66.907664 -1.543043 6.606583 -0.921268
-1 1478188788.491654 -0.406509 -21.243505 -66.857361 -1.534522 6.585911 -0.93585
-1 1478188788.501795 -0.337386 -21.277516 -66.757951 -1.526545 6.560294 -0.948122
-1 1478188788.511893 -0.552345 -21.32313 -66.598759 -1.523608 6.529771 -0.953235
-1 1478188788.522061 -0.267907 -21.381658 -66.404286 -1.513208 6.493953 -0.969447
-1 1478188788.532162 -0.337309 -21.377198 -66.212077 -1.513513 6.450094 -0.975278
-1 1478188788.541886 -0.017171 -21.386079 -65.933163 -1.503069 6.403 -0.989072
-1 1478188788.551890 -0.012243 -21.315885 -65.595595 -1.497167 6.352217 -0.992884
-1 1478188788.561999 -0.19801 -21.243457 -65.277219 -1.494403 6.297445 -0.992878
-1 1478188788.572300 -0.237285 -21.160419 -65.028298 -1.491806 6.241592 -0.996237
-1 1478188788.582333 -0.049006 -21.161871 -64.731327 -1.48339 6.182333 -1.006687
-1 1478188788.592225 -0.337337 -21.201532 -64.322899 -1.480304 6.120566 -1.001875
-1 1478188788.602163 -0.254318 -21.214202 -63.865397 -1.470131 6.059121 -1.001347
-1 1478188788.612198 -0.120652 -21.111917 -63.430244 -1.463812 5.996447 -1.001688
-1 1478188788.622506 0.014115 -20.889531 -63.008999 -1.459767 5.930817 -1.004156
-1 1478188788.632751 0.126767 -20.642342 -62.563747 -1.452989 5.863315 -1.007808
-1 1478188788.642541 -0.032887 -20.442209 -62.054807 -1.444931 5.793007 -1.00586
-1 1478188788.652514 -0.087551 -20.33423 -61.468611 -1.426932 5.728105 -1.008809
-1 1478188788.662592 -0.065012 -20.301974 -60.898632 -1.405642 5.675524 -1.011882
-1 1478188788.672792 0.068051 -20.258644 -60.498194 -1.390123 5.630097 -1.011246
-1 1478188788.682845 0.104862 -20.165725 -60.157766 -1.382357 5.577835 -1.001557
-1 1478188788.692772 0.448494 -20.001489 -59.742198 -1.368654 5.513601 -0.995757
-1 1478188788.702913 0.299772 -19.808488 -59.274542 -1.365441 5.436693 -0.981707
-1 1478188788.712833 0.6386 -19.529655 -58.728377 -1.350423 5.359452 -0.9763
-1 1478188788.723063 0.582954 -19.269947 -58.11094 -1.340809 5.286542 -0.961403
-1 1478188788.733089 0.948486 -19.082084 -57.471136 -1.321897 5.217904 -0.955388
-1 1478188788.743118 1.298172 -18.919111 -56.862564 -1.303981 5.139476 -0.948623
-1 1478188788.753030 1.61569 -18.790258 -56.243912 -1.283473 5.049437 -0.939455
-1 1478188788.763243 1.371867 -18.591802 -55.629332 -1.273028 4.948635 -0.91521
-1 1478188788.773396 1.231771 -18.238959 -54.970206 -1.261925 4.843418 -0.89642
-1 1478188788.783709 1.071286 -17.928549 -54.189469 -1.24802 4.739697 -0.884579
-1 1478188788.793587 1.2469 -17.741868 -53.332699 -1.224199 4.641993 -0.879144
-1 1478188788.803534 1.462093 -17.54785 -52.460448 -1.199756 4.546507 -0.864797
-1 1478188788.813418 1.694514 -17.295234 -51.638979 -1.179694 4.44376 -0.847998
-1 1478188788.823762 1.876688 -16.978599 -50.836427 -1.165267 4.328549 -0.831799
-1 1478188788.833793 1.755772 -16.678575 -49.912374 -1.154937 4.198024 -0.81377
-1 1478188788.843695 1.943306 -16.386288 -48.784933 -1.132134 4.057708 -0.806027
-1 1478188788.853660 1.990354 -16.134418 -47.518031 -1.106666 3.911669 -0.795429
-1 1478188788.863809 2.289935 -15.90281 -46.161135 -1.070753 3.762548 -0.788704
-1 1478188788.874182 2.170524 -15.6424 -44.813229 -1.042391 3.610218 -0.767026
-1 1478188788.884191 2.316822 -15.40218 -43.435909 -1.007779 3.45893 -0.748099
-1 1478188788.894086 2.470841 -15.040785 -41.992534 -0.973843 3.304205 -0.72518
-1 1478188788.904083 2.490185 -14.558761 -40.48154 -0.941703 3.143246 -0.699187
-1 1478188788.914112 2.465773 -14.048395 -38.952531 -0.909304 2.984048 -0.670426
-1 1478188788.924537 2.674708 -13.592272 -37.40045 -0.870534 2.828003 -0.64352
-1 1478188788.934448 2.8622 -13.107092 -35.720607 -0.827275 2.669055 -0.610327
-1 1478188788.944523 2.98991 -12.670948 -34.005911 -0.788117 2.513392 -0.57474
-1 1478188788.954432 3.450686 -12.185222 -32.329746 -0.753539 2.353986 -0.55769
-1 1478188788.964488 3.863595 -11.606378 -30.600096 -0.718913 2.186436 -0.545746
-1 1478188788.974946 4.162224 -11.140428 -28.737191 -0.677147 2.018631 -0.529747
-1 1478188788.984621 4.176875 -10.765897 -26.870158 -0.639096 1.849129 -0.507109
-1 1478188788.994803 4.114978 -10.395078 -25.023651 -0.60217 1.685682 -0.478979
-1 1478188789.004690 4.183376 -9.94531 -23.179744 -0.56135 1.535145 -0.447474
-1 1478188789.014787 4.195752 -9.32321 -21.497847 -0.529966 1.39705 -0.409819
-1 1478188789.025340 4.033831 -8.69932 -19.968517 -0.504011 1.26945 -0.371469
-1 1478188789.035068 3.731855 -8.153007 -18.587456 -0.477304 1.153126 -0.33284
-1 1478188789.045030 3.394218 -7.77658 -17.452496 -0.456447 1.052924 -0.299197
-1 1478188789.055098 3.045865 -7.337668 -16.394233 -0.437546 0.959563 -0.2638
-1 1478188789.065004 2.750317 -6.827577 -15.369975 -0.419308 0.873881 -0.22799
-1 1478188789.075435 2.749994 -6.320702 -14.484034 -0.405824 0.798309 -0.202488
-1 1478188789.085136 2.885003 -5.795828 -13.650953 -0.392889 0.724028 -0.180485
-1 1478188789.095381 2.945405 -5.223254 -12.799392 -0.377849 0.648051 -0.152959
-1 1478188789.105349 2.884822 -4.685489 -11.899557 -0.36237 0.570057 -0.124421
-1 1478188789.115479 2.81918 -4.167617 -10.971157 -0.345874 0.492207 -0.096947
-1 1478188789.125816 2.80688 -3.627548 -10.063592 -0.327735 0.415458 -0.071252
-1 1478188789.135527 2.79361 -3.078137 -9.186882 -0.308934 0.343492 -0.048978
-1 1478188789.145593 2.649102 -2.594185 -8.346942 -0.290447 0.279345 -0.022572
-1 1478188789.155754 2.519291 -2.186875 -7.517125 -0.269755 0.222821 0.003779
-1 1478188789.165804 2.385885 -1.767143 -6.819411 -0.255672 0.169797 0.025926
-1 1478188789.176196 2.141434 -1.383808 -6.199263 -0.244794 0.121177 0.045963
-1 1478188789.185968 1.71326 -1.073408 -5.664847 -0.234698 0.080363 0.064324
-1 1478188789.196018 1.313394 -0.922412 -5.343531 -0.227744 0.055545 0.075935
-1 1478188789.206092 1.116274 -0.862431 -5.169277 -0.221962 0.042506 0.080868
-1 1478188789.216199 1.048602 -0.778142 -5.040936 -0.215478 0.037907 0.084899
-1 1478188789.226530 1.109132 -0.725334 -4.926469 -0.210815 0.03911 0.084521
-1 1478188789.236229 1.196087 -0.744522 -4.907614 -0.212454 0.0332 0.07536
-1 1478188789.246332 1.274892 -0.842213 -4.899193 -0.212448 0.021799 0.061508
-1 1478188789.256477 1.318539 -0.985897 -4.780225 -0.204348 0.008202 0.053692
-1 1478188789.266554 1.295213 -1.061937 -4.553168 -0.193351 -0.00434 0.057708
-1 1478188789.276901 1.164702 -1.091064 -4.300256 -0.185643 -0.014754 0.066201
-1 1478188789.286546 1.005802 -1.081189 -4.16648 -0.185572 -0.024872 0.066533
-1 1478188789.296750 0.925386 -1.131161 -4.158353 -0.187059 -0.028305 0.057742
-1 1478188789.307405 0.956911 -1.211447 -4.18078 -0.184881 -0.023517 0.0466
-1 1478188789.316907 1.031069 -1.269107 -4.190241 -0.180262 -0.019403 0.041116
-1 1478188789.327152 1.093472 -1.338778 -4.161002 -0.175314 -0.020197 0.042984
-1 1478188789.336907 1.083889 -1.388281 -4.078704 -0.172681 -0.027285 0.045716
-1 1478188789.346968 1.087859 -1.435192 -3.979976 -0.168498 -0.034215 0.045088
-1 1478188789.357021 1.052048 -1.450795 -3.918212 -0.16575 -0.036184 0.0484
-1 1478188789.367351 1.068836 -1.358528 -3.912135 -0.165318 -0.032821 0.056759
-1 1478188789.377436 1.16274 -1.128885 -3.955171 -0.169978 -0.030347 0.067087
-1 1478188789.387258 1.2318 -0.920081 -3.916635 -0.172648 -0.034919 0.072724
-1 1478188789.397378 1.275261 -0.790292 -3.798242 -0.171325 -0.044359 0.07523
-1 1478188789.407452 1.243509 -0.749762 -3.685548 -0.169222 -0.051491 0.079238
-1 1478188789.417495 1.181653 -0.721802 -3.646105 -0.16936 -0.054201 0.082218
-1 1478188789.427944 1.063541 -0.763575 -3.67214 -0.170194 -0.054972 0.082819
-1 1478188789.437785 0.927737 -0.822908 -3.713374 -0.171064 -0.051213 0.082469
-1 1478188789.447776 0.825383 -0.882016 -3.819436 -0.173977 -0.045384 0.081275
-1 1478188789.457766 0.799256 -0.967543 -3.96425 -0.175505 -0.040496 0.077566
-1 1478188789.468157 0.797216 -0.976122 -4.09464 -0.177708 -0.033191 0.080714
-1 1478188789.478414 0.919589 -0.959846 -4.196802 -0.177559 -0.023594 0.084217
-1 1478188789.488057 1.054374 -0.904031 -4.255448 -0.18035 -0.02258 0.086701
-1 1478188789.498236 1.161004 -0.895687 -4.220549 -0.180948 -0.029181 0.085845
-1 1478188789.508133 1.272334 -0.878976 -4.148299 -0.180859 -0.036674 0.082577
-1 1478188789.518535 1.31454 -0.846215 -4.067157 -0.180469 -0.044482 0.080278
-1 1478188789.528575 1.324188 -0.71203 -3.984747 -0.180528 -0.048121 0.083483
-1 1478188789.538386 1.287054 -0.633861 -3.915467 -0.179372 -0.049373 0.088304
-1 1478188789.548273 1.230199 -0.624317 -3.865689 -0.178344 -0.053513 0.090509
-1 1478188789.558502 1.15679 -0.70984 -3.813878 -0.175465 -0.056862 0.088069
-1 1478188789.568742 1.131811 -0.81573 -3.818526 -0.173911 -0.055155 0.082736
-1 1478188789.578729 1.156581 -0.863882 -3.903776 -0.176596 -0.050964 0.076977
-1 1478188789.588648 1.142561 -0.849322 -4.021158 -0.182146 -0.047051 0.072233
-1 1478188789.598583 1.111999 -0.831054 -4.087457 -0.184226 -0.044792 0.066462
-1 1478188789.608770 1.075106 -0.888708 -4.132824 -0.184686 -0.043487 0.061899
-1 1478188789.619094 1.173444 -1.012364 -4.139395 -0.180612 -0.039017 0.056752
-1 1478188789.629067 1.383203 -1.123458 -4.095321 -0.174575 -0.036047 0.053069
-1 1478188789.638843 1.533113 -1.166203 -4.001159 -0.170183 -0.038775 0.053478
-1 1478188789.648912 1.544432 -1.16151 -3.901498 -0.167989 -0.046303 0.056838
-1 1478188789.659041 1.39109 -1.028826 -3.877663 -0.171619 -0.05537 0.066011
-1 1478188789.669222 1.181551 -0.929747 -3.861799 -0.172994 -0.057322 0.075597
-1 1478188789.679385 1.116158 -0.839735 -3.908595 -0.174144 -0.050661 0.08288
-1 1478188789.689082 1.13194 -0.797295 -4.021531 -0.177425 -0.043276 0.084786
-1 1478188789.699203 1.174039 -0.818984 -4.143127 -0.181544 -0.037987 0.081142
-1 1478188789.709349 1.198909 -0.822445 -4.235855 -0.184634 -0.036384 0.079153
-1 1478188789.719729 1.154509 -0.84384 -4.255224 -0.185643 -0.039291 0.078372
-1 1478188789.729829 1.094079 -0.822055 -4.220269 -0.185439 -0.042617 0.079087
-1 1478188789.739585 1.083739 -0.823689 -4.15512 -0.183233 -0.04253 0.079232
-1 1478188789.749551 1.17642 -0.885827 -4.108818 -0.180078 -0.040558 0.077818
-1 1478188789.759685 1.292255 -0.916233 -4.098937 -0.179545 -0.042531 0.076335
-1 1478188789.769887 1.284373 -0.896318 -4.054206 -0.179516 -0.048048 0.077236
-1 1478188789.780049 1.134468 -0.893765 -3.987747 -0.178704 -0.053722 0.079563
-1 1478188789.789853 0.910228 -0.893496 -3.97396 -0.180154 -0.057239 0.080475
-1 1478188789.800098 0.767818 -0.908552 -4.006889 -0.181491 -0.055484 0.078488
-1 1478188789.809970 0.739401 -0.959355 -4.032102 -0.180198 -0.049803 0.076006
-1 1478188789.820318 0.814828 -1.009783 -4.06775 -0.17876 -0.043194 0.074386
-1 1478188789.830329 0.955563 -1.071233 -4.127759 -0.177979 -0.039057 0.07012
-1 1478188789.840147 1.003497 -1.097605 -4.178288 -0.177933 -0.03923 0.072351
-1 1478188789.850228 1.011512 -1.100754 -4.168296 -0.176343 -0.041854 0.077216
-1 1478188789.860251 0.989748 -1.015786 -4.130315 -0.176546 -0.046487 0.084713
-1 1478188789.870518 0.928555 -0.931372 -4.059911 -0.176677 -0.050098 0.091867
-1 1478188789.880563 0.929952 -0.866056 -4.008478 -0.176171 -0.049393 0.092712
-1 1478188789.890299 0.909138 -0.786626 -4.023827 -0.178801 -0.049189 0.093953
-1 1478188789.900477 0.892233 -0.769084 -4.053283 -0.180473 -0.05027 0.094527
-1 1478188789.910574 0.832174 -0.778439 -4.066303 -0.180204 -0.052147 0.096244
-1 1478188789.920777 0.72493 -0.782945 -4.043798 -0.179408 -0.054033 0.098049
-1 1478188789.930933 0.670733 -0.785582 -4.053899 -0.179946 -0.053193 0.09826
-1 1478188789.940764 0.685161 -0.855969 -4.096434 -0.180755 -0.052193 0.093991
-1 1478188789.950764 0.785037 -0.866004 -4.145685 -0.181911 -0.050722 0.090012
-1 1478188789.960855 0.851313 -0.894672 -4.125629 -0.18021 -0.050846 0.088
-1 1478188789.971268 0.863572 -0.909116 -4.071808 -0.178412 -0.053822 0.088076
-1 1478188789.981333 0.883039 -0.925802 -4.017319 -0.176822 -0.057199 0.086766
-1 1478188789.991306 0.905231 -0.941009 -3.959841 -0.175036 -0.059915 0.084264
-1 1478188790.001187 0.926695 -0.968321 -3.904901 -0.173242 -0.062164 0.079869
-1 1478188790.011389 0.889467 -0.971086 -3.867073 -0.172038 -0.063697 0.079479
-1 1478188790.021817 0.84925 -0.965997 -3.88407 -0.171821 -0.063304 0.083167
-1 1478188790.031704 0.830429 -0.957248 -3.927732 -0.17185 -0.061912 0.088432
-1 1478188790.041575 0.783252 -0.969662 -3.967689 -0.172424 -0.061278 0.093478
-1 1478188790.051677 0.852651 -0.962918 -3.970266 -0.171302 -0.058899 0.094154
-1 1478188790.061778 0.884222 -0.906987 -3.970671 -0.172585 -0.059535 0.096345
-1 1478188790.072398 0.918843 -0.892905 -3.972977 -0.17405 -0.060851 0.095153
-1 1478188790.081980 0.959699 -0.887971 -3.966658 -0.174634 -0.061737 0.09214
-1 1478188790.092166 0.940087 -0.945898 -3.924078 -0.172549 -0.064806 0.089642
-1 1478188790.101848 0.936063 -0.925065 -3.89019 -0.171008 -0.064762 0.091928
-1 1478188790.112228 0.963089 -0.855875 -3.892837 -0.171063 -0.061927 0.094937
-1 1478188790.122192 0.965949 -0.837068 -3.912722 -0.171723 -0.059235 0.096842
-1 1478188790.132250 0.98878 -0.811842 -3.918065 -0.172497 -0.058415 0.099683
-1 1478188790.142113 0.993396 -0.874406 -3.886112 -0.171069 -0.061759 0.096843
-1 1478188790.152089 1.061386 -0.888785 -3.894945 -0.172365 -0.063219 0.08948
-1 1478188790.162223 1.169509 -0.923179 -3.914465 -0.172298 -0.061531 0.081124
-1 1478188790.172447 1.180462 -0.920348 -3.951164 -0.174433 -0.061226 0.0797
-1 1478188790.182562 1.201332 -0.902843 -3.967761 -0.175287 -0.060865 0.07898
-1 1478188790.192454 1.238984 -0.944279 -3.925828 -0.172235 -0.060616 0.077197
-1 1478188790.202526 1.271391 -0.991405 -3.889413 -0.169495 -0.061845 0.076778
-1 1478188790.212620 1.297529 -1.001376 -3.908679 -0.169903 -0.063936 0.076703
-1 1478188790.222824 1.253376 -0.962848 -3.935852 -0.172815 -0.065876 0.076769
-1 1478188790.232917 1.189381 -0.941483 -3.936984 -0.17376 -0.067006 0.076548
-1 1478188790.242923 1.154473 -0.966244 -3.919884 -0.17229 -0.065929 0.075631
-1 1478188790.252817 1.159404 -1.009052 -3.916838 -0.170962 -0.063299 0.074357
-1 1478188790.262983 1.194397 -1.052203 -3.941114 -0.170304 -0.061815 0.074012
-1 1478188790.273172 1.250712 -1.087384 -3.953969 -0.170116 -0.060577 0.071746
-1 1478188790.283258 1.293337 -1.062242 -3.969991 -0.171442 -0.059931 0.070772
-1 1478188790.293095 1.303638 -1.029916 -3.97115 -0.172499 -0.061061 0.070373
-1 1478188790.303169 1.247921 -0.974791 -3.975326 -0.174065 -0.063836 0.0733
-1 1478188790.313236 1.162195 -0.918998 -3.989455 -0.17598 -0.066224 0.078302
-1 1478188790.323534 1.143945 -0.854819 -4.002909 -0.176909 -0.066143 0.080359
-1 1478188790.333365 1.123203 -0.862145 -4.003968 -0.176579 -0.064535 0.080343
-1 1478188790.343423 1.113352 -0.889304 -3.987203 -0.175035 -0.062295 0.079922
-1 1478188790.353415 1.030857 -0.885616 -4.002671 -0.175874 -0.063852 0.083077
-1 1478188790.363484 0.972499 -0.906299 -3.994848 -0.175571 -0.064988 0.083776
-1 1478188790.373781 0.93642 -0.922859 -3.97111 -0.174246 -0.064107 0.084512
-1 1478188790.383878 0.910955 -0.928496 -3.974935 -0.174627 -0.063708 0.08624
-1 1478188790.393692 0.964253 -0.937215 -4.00218 -0.17497 -0.063313 0.085475
-1 1478188790.403798 1.04358 -0.919731 -4.031312 -0.17639 -0.062337 0.083677
-1 1478188790.413900 1.041533 -0.956677 -4.0235 -0.176127 -0.063024 0.081865
-1 1478188790.424073 1.013217 -0.914003 -4.011613 -0.176484 -0.063965 0.083389
-1 1478188790.434162 0.958268 -0.919504 -4.000423 -0.176626 -0.064917 0.083404
-1 1478188790.444044 0.887618 -0.91701 -4.008289 -0.17644 -0.064892 0.085859
-1 1478188790.454161 0.88885 -0.933653 -4.019944 -0.17593 -0.06313 0.085103
-1 1478188790.464291 0.923167 -0.898727 -4.042489 -0.177105 -0.059512 0.086115
-1 1478188790.474615 0.908761 -0.933347 -4.034353 -0.175594 -0.058514 0.088559
-1 1478188790.484473 0.858967 -0.922808 -4.027141 -0.175423 -0.060736 0.09285
-1 1478188790.494450 0.825095 -0.90051 -4.023496 -0.176099 -0.062779 0.094315
-1 1478188790.504513 0.792004 -0.889115 -4.013633 -0.17646 -0.06436 0.09479
-1 1478188790.514565 0.782025 -0.883878 -4.006032 -0.17582 -0.064554 0.095707
-1 1478188790.524813 0.846463 -0.849375 -4.02967 -0.176321 -0.062701 0.095387
-1 1478188790.534772 0.865486 -0.823911 -4.034495 -0.176671 -0.060903 0.095488
-1 1478188790.544603 0.820221 -0.821814 -4.013998 -0.175769 -0.06089 0.097173
-1 1478188790.554705 0.765529 -0.864548 -3.9907 -0.174035 -0.06138 0.097697
-1 1478188790.564780 0.756203 -0.897913 -3.982025 -0.172997 -0.060759 0.097627
-1 1478188790.575309 0.755354 -0.934941 -3.979553 -0.17297 -0.059975 0.095843
-1 1478188790.584938 0.764207 -0.925385 -3.994326 -0.174189 -0.059372 0.094733
-1 1478188790.595127 0.78633 -0.953972 -4.00539 -0.173635 -0.060282 0.093282
-1 1478188790.605093 0.780157 -0.980146 -4.020322 -0.173967 -0.06355 0.09289
-1 1478188790.615215 0.84238 -1.007287 -4.021949 -0.173694 -0.065479 0.088201
-1 1478188790.625420 0.889441 -0.980827 -4.023308 -0.175492 -0.066056 0.085319
-1 1478188790.635669 0.940561 -0.972456 -4.010269 -0.175886 -0.06561 0.082471
-1 1478188790.645940 0.963085 -0.983243 -3.993375 -0.176092 -0.065024 0.080603
-1 1478188790.656167 0.982603 -0.966044 -3.984663 -0.175619 -0.063615 0.081664
-1 1478188790.665758 1.046717 -0.94525 -3.995665 -0.175822 -0.061476 0.081445
-1 1478188790.676335 1.089186 -0.966611 -4.021242 -0.176527 -0.060622 0.079381
-1 1478188790.685891 1.116714 -0.927014 -4.05492 -0.178213 -0.059841 0.08059
-1 1478188790.695940 1.113825 -0.946338 -4.066485 -0.178632 -0.060565 0.079295
-1 1478188790.706061 1.102911 -0.936458 -4.059707 -0.178629 -0.061475 0.078872
-1 1478188790.716098 1.04944 -0.950717 -4.037426 -0.177572 -0.064462 0.080645
-1 1478188790.726362 1.015735 -0.919712 -4.016441 -0.176722 -0.066521 0.08429
-1 1478188790.736233 1.019852 -0.894896 -3.989266 -0.175942 -0.066864 0.085503
-1 1478188790.746253 1.022542 -0.867117 -3.95673 -0.175366 -0.067157 0.085773
-1 1478188790.756396 1.026694 -0.858552 -3.937007 -0.175099 -0.067822 0.085772
-1 1478188790.766391 1.015725 -0.855287 -3.949641 -0.176599 -0.069143 0.085923
-1 1478188790.776776 1.01468 -0.868378 -3.945481 -0.175641 -0.069041 0.084785
-1 1478188790.786561 1.01933 -0.934367 -3.968369 -0.174472 -0.069383 0.083921
-1 1478188790.796671 1.04823 -0.941318 -4.009371 -0.175297 -0.067796 0.083182
-1 1478188790.806705 1.052419 -0.948893 -4.031993 -0.175566 -0.066698 0.082494
-1 1478188790.816810 1.036763 -0.954542 -4.053693 -0.176394 -0.068242 0.082159
-1 1478188790.827018 0.991682 -0.980463 -4.051574 -0.17603 -0.070156 0.081706
-1 1478188790.836875 0.997497 -1.067392 -4.026505 -0.173028 -0.07091 0.080446
-1 1478188790.847224 1.060862 -1.125997 -4.005723 -0.169844 -0.069245 0.080623
-1 1478188790.856966 1.121946 -1.179269 -3.974746 -0.167804 -0.068932 0.080162
-1 1478188790.866976 1.075861 -1.100364 -3.954534 -0.170219 -0.071531 0.083697
-1 1478188790.877172 0.970218 -1.043085 -3.937628 -0.171918 -0.074127 0.084411
-1 1478188790.887173 0.940286 -0.995971 -3.94535 -0.172314 -0.072416 0.083353
-1 1478188790.897201 0.972755 -0.945259 -3.960004 -0.171871 -0.068561 0.085333
-1 1478188790.907390 1.136822 -0.940335 -3.939223 -0.169667 -0.066718 0.085159
-1 1478188790.917331 1.301105 -0.912955 -3.862839 -0.167548 -0.070154 0.085519
-1 1478188790.927706 1.316158 -0.894383 -3.761335 -0.166262 -0.077948 0.087055
-1 1478188790.937322 1.185394 -0.875388 -3.712434 -0.167161 -0.085888 0.091496
-1 1478188790.947647 0.943341 -0.847861 -3.68865 -0.167995 -0.089469 0.099326
-1 1478188790.957633 0.750727 -0.784749 -3.704154 -0.168936 -0.08652 0.106328
-1 1478188790.968000 0.738377 -0.774991 -3.776233 -0.170494 -0.078795 0.106162
-1 1478188790.977982 0.8277 -0.769158 -3.899638 -0.173557 -0.06933 0.10303
-1 1478188790.987895 0.951393 -0.812034 -4.045428 -0.176953 -0.063742 0.09706
-1 1478188790.998043 1.02026 -0.860752 -4.119046 -0.17802 -0.062916 0.093433
-1 1478188791.008018 1.020008 -0.895322 -4.102191 -0.177058 -0.066332 0.091647
-1 1478188791.018247 1.006362 -0.922586 -4.043708 -0.176323 -0.071251 0.088227
-1 1478188791.028470 1.046174 -0.941441 -3.950544 -0.172958 -0.072995 0.083135
-1 1478188791.038106 1.09183 -0.970178 -3.889659 -0.170341 -0.073549 0.079579
-1 1478188791.048229 1.139551 -1.008278 -3.867958 -0.168997 -0.074788 0.07733
-1 1478188791.058124 1.130789 -1.049303 -3.856628 -0.168311 -0.076898 0.077819
-1 1478188791.068751 1.062905 -1.064754 -3.851272 -0.167833 -0.078241 0.078912
-1 1478188791.078604 0.943627 -1.045448 -3.901323 -0.170535 -0.07783 0.081156
-1 1478188791.088351 0.869186 -1.02779 -3.974707 -0.172968 -0.073588 0.08282
-1 1478188791.098388 0.879697 -1.000031 -4.044587 -0.174505 -0.067302 0.082919
-1 1478188791.108554 0.964301 -0.972899 -4.108063 -0.175367 -0.060942 0.083955
-1 1478188791.118655 1.063765 -0.939043 -4.156529 -0.176085 -0.058951 0.08633
-1 1478188791.128749 1.099051 -0.89041 -4.14571 -0.176209 -0.060933 0.089718
-1 1478188791.138744 1.100628 -0.865355 -4.103705 -0.17631 -0.064608 0.091674
-1 1478188791.148690 1.105525 -0.802016 -4.069331 -0.176836 -0.068053 0.093266
-1 1478188791.158736 1.052288 -0.79572 -4.033583 -0.176746 -0.071671 0.094926
-1 1478188791.168983 1.024832 -0.775172 -4.040206 -0.177084 -0.072072 0.096289
-1 1478188791.179153 0.999521 -0.790711 -4.075743 -0.17825 -0.071316 0.094563
-1 1478188791.188866 0.977745 -0.830699 -4.117565 -0.179226 -0.069516 0.091557
-1 1478188791.198957 0.980755 -0.884345 -4.143617 -0.178729 -0.067499 0.087365
-1 1478188791.209002 0.945827 -0.934586 -4.158092 -0.178351 -0.06759 0.084275
-1 1478188791.219641 0.91068 -0.985574 -4.137673 -0.176555 -0.067523 0.082136
-1 1478188791.229556 0.904235 -1.041259 -4.10965 -0.173971 -0.067451 0.081501
-1 1478188791.239515 0.964015 -1.095267 -4.098553 -0.17162 -0.067407 0.079809
-1 1478188791.249524 1.071754 -1.124353 -4.090519 -0.170455 -0.067405 0.076285
-1 1478188791.259852 1.131316 -1.125214 -4.064136 -0.170216 -0.068578 0.075183
-1 1478188791.269839 1.092281 -1.116204 -4.011615 -0.169299 -0.07116 0.07854
-1 1478188791.279962 1.006125 -1.083979 -3.951174 -0.168167 -0.073923 0.082936
-1 1478188791.289789 0.922699 -1.040836 -3.93785 -0.168996 -0.075572 0.086452
-1 1478188791.300060 0.891568 -1.00058 -3.964916 -0.17025 -0.074032 0.089107
-1 1478188791.310066 0.87813 -0.952243 -4.009153 -0.172114 -0.071382 0.091667
-1 1478188791.320316 0.87444 -0.911841 -4.054882 -0.174005 -0.069332 0.094447
-1 1478188791.330301 0.87884 -0.871645 -4.059174 -0.174641 -0.067533 0.096474
-1 1478188791.341430 0.894624 -0.837928 -4.063026 -0.174983 -0.067864 0.097955
-1 1478188791.351570 0.933292 -0.8191 -4.072411 -0.175146 -0.069411 0.099064
-1 1478188791.360427 0.996311 -0.805584 -4.061001 -0.175401 -0.069916 0.097232
-1 1478188791.371512 1.051861 -0.802238 -4.061484 -0.177367 -0.071098 0.093825
-1 1478188791.380664 1.114973 -0.80976 -4.044402 -0.177443 -0.072251 0.088599
-1 1478188791.390531 1.094606 -0.829399 -4.015521 -0.176719 -0.074605 0.085186
-1 1478188791.400581 1.048731 -0.865611 -3.985598 -0.174757 -0.075818 0.084169
-1 1478188791.410659 1.007642 -0.90767 -3.963467 -0.172865 -0.075384 0.08386
-1 1478188791.420891 0.995624 -0.949695 -3.948229 -0.170989 -0.073598 0.083216
-1 1478188791.431088 1.026922 -0.989265 -3.974436 -0.170875 -0.071793 0.081685
-1 1478188791.440835 1.068386 -1.023715 -4.00646 -0.171202 -0.071445 0.078818
-1 1478188791.450777 1.083073 -1.016578 -4.01813 -0.171051 -0.071272 0.080477
-1 1478188791.460882 1.109278 -1.029296 -4.010001 -0.169532 -0.071747 0.082374
-1 1478188791.471202 1.133966 -1.020665 -3.99208 -0.16944 -0.072625 0.082747
-1 1478188791.481223 1.160273 -1.025332 -3.95218 -0.168757 -0.073283 0.081234
-1 1478188791.490976 1.154021 -1.005009 -3.92043 -0.168211 -0.074072 0.082605
-1 1478188791.501036 1.104639 -0.97315 -3.902774 -0.168238 -0.075398 0.086177
-1 1478188791.511183 1.044562 -0.913618 -3.924088 -0.169952 -0.077166 0.090593
-1 1478188791.521230 1.034828 -0.885454 -3.956374 -0.170953 -0.076865 0.092726
-1 1478188791.531487 1.055592 -0.879095 -3.98914 -0.17159 -0.074908 0.093602
-1 1478188791.541271 1.0786 -0.876288 -4.00946 -0.172264 -0.072503 0.093117
-1 1478188791.551352 1.096425 -0.875613 -4.028693 -0.173355 -0.071366 0.091345
-1 1478188791.561265 1.126468 -0.908229 -4.053703 -0.174424 -0.072542 0.08853
-1 1478188791.571774 1.174266 -0.916315 -4.06935 -0.175105 -0.072969 0.085716
-1 1478188791.581823 1.206617 -0.944889 -4.050888 -0.174802 -0.074315 0.081259
-1 1478188791.591530 1.216253 -0.972111 -4.012175 -0.173662 -0.075582 0.07837
-1 1478188791.601626 1.16505 -1.025085 -3.971144 -0.171689 -0.077033 0.078444
-1 1478188791.611767 1.158397 -1.021642 -3.951711 -0.170408 -0.077506 0.078626
-1 1478188791.622743 1.102658 -1.047938 -3.956839 -0.170846 -0.078139 0.078772
-1 1478188791.632568 1.078654 -1.026576 -3.977425 -0.170725 -0.076651 0.080124
-1 1478188791.642475 1.085456 -1.012427 -3.988304 -0.170275 -0.074428 0.080395
-1 1478188791.652304 1.105834 -1.008198 -3.982904 -0.169695 -0.071113 0.081027
-1 1478188791.662103 1.106777 -0.988217 -3.974148 -0.169922 -0.068971 0.081954
-1 1478188791.672264 1.094141 -0.973407 -3.970107 -0.170036 -0.068679 0.083611
-1 1478188791.682588 1.097338 -0.970572 -3.97306 -0.169232 -0.068973 0.086954
-1 1478188791.692232 1.119111 -0.94282 -3.976405 -0.169406 -0.068381 0.089434
-1 1478188791.702362 1.135011 -0.900397 -3.982553 -0.170577 -0.068058 0.090967
-1 1478188791.712382 1.139845 -0.866942 -3.987512 -0.1719 -0.0683 0.091414
-1 1478188791.722740 1.110259 -0.855097 -3.981529 -0.172762 -0.068775 0.090464
-1 1478188791.732851 1.010976 -0.808448 -3.981889 -0.174163 -0.06961 0.092581
-1 1478188791.742618 0.964899 -0.806769 -4.000262 -0.174955 -0.069787 0.092673
-1 1478188791.752698 0.968894 -0.82722 -4.043016 -0.176758 -0.069439 0.09113
-1 1478188791.762678 1.034574 -0.871051 -4.072572 -0.176041 -0.068436 0.087061
-1 1478188791.772999 1.083774 -0.913701 -4.103342 -0.176372 -0.068821 0.083479
-1 1478188791.783049 1.124419 -0.942819 -4.102951 -0.176167 -0.068615 0.080275
-1 1478188791.792896 1.103516 -0.955453 -4.084682 -0.176196 -0.071025 0.079042
-1 1478188791.802881 1.0643 -0.96709 -4.051786 -0.175116 -0.074132 0.079121
-1 1478188791.812974 1.02644 -1.004203 -4.008678 -0.172632 -0.074523 0.081221
-1 1478188791.823339 1.016256 -1.02875 -4.002306 -0.17132 -0.074554 0.082318
-1 1478188791.833368 0.999445 -1.033255 -4.031501 -0.172159 -0.07613 0.083539
-1 1478188791.843303 0.985808 -1.031045 -4.048585 -0.171843 -0.076652 0.085213
-1 1478188791.853269 0.958151 -1.030604 -4.056399 -0.171271 -0.075883 0.08796
-1 1478188791.863377 0.951262 -1.030881 -4.069358 -0.171328 -0.074095 0.089593
-1 1478188791.873796 0.936585 -1.023122 -4.072616 -0.171715 -0.072622 0.090976
-1 1478188791.883768 0.937016 -1.008111 -4.07177 -0.171716 -0.071388 0.092135
-1 1478188791.893855 0.925624 -0.967962 -4.074501 -0.173257 -0.071326 0.093356
-1 1478188791.903619 0.910529 -0.918081 -4.059803 -0.174276 -0.070941 0.094585
-1 1478188791.914325 0.925831 -0.884298 -4.05817 -0.174484 -0.070983 0.095663
-1 1478188791.924548 0.928045 -0.85826 -4.059674 -0.175455 -0.07226 0.095738
-1 1478188791.934712 0.913644 -0.84868 -4.050968 -0.176778 -0.07343 0.094572
-1 1478188791.944169 0.935164 -0.846428 -4.027855 -0.176124 -0.072953 0.091778
-1 1478188791.954664 0.940539 -0.854469 -4.020678 -0.175985 -0.073151 0.089647
-1 1478188791.964226 0.948492 -0.883943 -4.043424 -0.176181 -0.073871 0.088712
-1 1478188791.974436 0.958617 -0.923238 -4.057194 -0.175578 -0.073839 0.087483
-1 1478188791.984531 0.953933 -0.950951 -4.053866 -0.174948 -0.0735 0.085926
