-1 1478511891.168657 19.79467 2.555857 2.83038 -0.103201 0.677358 -0.223181
-1 1478511891.178463 19.772253 2.561792 2.757544 -0.104545 0.673869 -0.22333
-1 1478511891.189096 19.759441 2.511557 2.738566 -0.103688 0.673583 -0.222378
-1 1478511891.199323 19.724188 2.498889 2.759257 -0.102927 0.674862 -0.221377
-1 1478511891.208560 19.724896 2.463963 2.811958 -0.101595 0.677117 -0.219292
-1 1478511891.218808 19.701672 2.447676 2.820656 -0.100148 0.678333 -0.21866
-1 1478511891.228892 19.670903 2.434777 2.85419 -0.098502 0.67878 -0.219341
-1 1478511891.239257 19.68189 2.459812 2.919551 -0.098405 0.679525 -0.220633
-1 1478511891.249148 19.78618 2.46436 2.892381 -0.099356 0.681203 -0.221427
-1 1478511891.258972 19.840507 2.45337 2.887017 -0.10071 0.680358 -0.221184
-1 1478511891.269104 19.854581 2.419281 2.850037 -0.100843 0.677093 -0.220211
-1 1478511891.279201 19.828434 2.403151 2.810257 -0.100841 0.673817 -0.219947
-1 1478511891.289461 19.788457 2.396209 2.786132 -0.100792 0.671561 -0.219599
-1 1478511891.299491 19.746454 2.430203 2.791033 -0.101308 0.670581 -0.219355
-1 1478511891.309223 19.728761 2.455672 2.823534 -0.101079 0.672317 -0.219331
-1 1478511891.319283 19.769985 2.464827 2.88553 -0.099925 0.676955 -0.221133
-1 1478511891.329323 19.79374 2.509599 2.936773 -0.099937 0.68048 -0.223773
-1 1478511891.339791 19.829579 2.515069 2.954073 -0.100194 0.682451 -0.224531
-1 1478511891.349584 19.850033 2.553439 2.937356 -0.101476 0.681869 -0.225283
-1 1478511891.359596 19.861074 2.562971 2.88713 -0.102931 0.680239 -0.224727
-1 1478511891.369679 19.877518 2.525174 2.820693 -0.103441 0.679392 -0.224336
-1 1478511891.379634 19.854073 2.518634 2.755612 -0.104338 0.678517 -0.224178
-1 1478511891.390363 19.821308 2.510121 2.730018 -0.104941 0.677644 -0.221905
-1 1478511891.399998 19.799769 2.498699 2.748564 -0.104225 0.677579 -0.221046
-1 1478511891.409788 19.790409 2.463539 2.819112 -0.10232 0.678973 -0.221078
-1 1478511891.420150 19.775922 2.457263 2.769677 -0.100904 0.679373 -0.2208
-1 1478511891.429957 19.746819 2.465655 2.825906 -0.100848 0.679015 -0.220287
-1 1478511891.440309 19.74136 2.468015 2.872068 -0.100988 0.677997 -0.219645
-1 1478511891.450372 19.732076 2.468634 2.877338 -0.101013 0.675985 -0.219454
-1 1478511891.460235 19.759652 2.419693 2.879887 -0.100018 0.674662 -0.218701
-1 1478511891.470393 19.750415 2.429779 2.791313 -0.100784 0.672708 -0.217352
-1 1478511891.480409 19.749423 2.401087 2.832782 -0.100665 0.672633 -0.216438
-1 1478511891.490694 19.776003 2.394893 2.800777 -0.100083 0.673725 -0.217608
-1 1478511891.500754 19.777492 2.417945 2.820357 -0.101024 0.675565 -0.218292
-1 1478511891.510530 19.736955 2.467351 2.79278 -0.102756 0.677024 -0.219279
-1 1478511891.520566 19.723279 2.481975 2.792687 -0.103267 0.678322 -0.219345
-1 1478511891.530760 19.698546 2.513843 2.801525 -0.103515 0.678668 -0.220974
-1 1478511891.541018 19.695594 2.513483 2.804626 -0.10359 0.679141 -0.222022
-1 1478511891.551264 19.684217 2.5154 2.796394 -0.103921 0.678392 -0.221488
-1 1478511891.560800 19.701109 2.513048 2.797078 -0.103379 0.677286 -0.221925
-1 1478511891.570957 19.776625 2.491312 2.815044 -0.10227 0.677623 -0.222681
-1 1478511891.581041 19.780401 2.489426 2.800402 -0.102302 0.678098 -0.222559
-1 1478511891.591441 19.772858 2.482938 2.796878 -0.101773 0.678955 -0.222866
-1 1478511891.601370 19.775109 2.48698 2.802196 -0.101649 0.679315 -0.222804
-1 1478511891.611207 19.73493 2.502179 2.785882 -0.102233 0.677374 -0.222644
-1 1478511891.621292 19.705559 2.499315 2.801969 -0.101842 0.675107 -0.222112
-1 1478511891.631344 19.692542 2.465961 2.825771 -0.100871 0.674508 -0.220697
-1 1478511891.641653 19.701615 2.440548 2.844559 -0.100101 0.675383 -0.220011
-1 1478511891.651607 19.727447 2.446133 2.856762 -0.099766 0.677004 -0.219603
-1 1478511891.661514 19.790426 2.432576 2.811514 -0.099017 0.678294 -0.219351
-1 1478511891.671736 19.821744 2.395436 2.813978 -0.098312 0.678157 -0.219592
-1 1478511891.681574 19.803839 2.396673 2.869839 -0.098707 0.678198 -0.219746
-1 1478511891.692100 19.793417 2.4194 2.873744 -0.099359 0.677521 -0.219632
-1 1478511891.702083 19.774022 2.433798 2.843388 -0.099223 0.6758 -0.220572
-1 1478511891.711891 19.789898 2.453568 2.890929 -0.099293 0.675527 -0.221893
-1 1478511891.721849 19.805217 2.471556 2.861385 -0.09978 0.67636 -0.222604
-1 1478511891.732113 19.808725 2.478996 2.898445 -0.099814 0.676533 -0.223495
-1 1478511891.742182 19.800345 2.507259 2.897803 -0.100113 0.676363 -0.224227
-1 1478511891.752397 19.797539 2.516614 2.892537 -0.100237 0.676924 -0.224488
-1 1478511891.762286 19.809687 2.500971 2.86353 -0.100362 0.677107 -0.223381
-1 1478511891.772111 19.791575 2.497694 2.879476 -0.10086 0.677021 -0.222986
-1 1478511891.782267 19.80477 2.492321 2.882259 -0.100194 0.676516 -0.223977
-1 1478511891.792611 19.812052 2.471405 2.88618 -0.099604 0.675792 -0.223198
-1 1478511891.802551 19.811276 2.489337 2.860073 -0.100555 0.676083 -0.223063
-1 1478511891.812519 19.789132 2.471595 2.849332 -0.100389 0.677077 -0.221881
-1 1478511891.822492 19.756865 2.45495 2.857105 -0.099767 0.677185 -0.221268
-1 1478511891.832554 19.763021 2.40351 2.802798 -0.098618 0.67793 -0.21974
-1 1478511891.842873 19.760424 2.392966 2.902437 -0.098627 0.678492 -0.219529
-1 1478511891.852851 19.753297 2.404645 2.860275 -0.099347 0.678294 -0.219026
-1 1478511891.862871 19.7584 2.377706 2.792863 -0.098876 0.678582 -0.218293
-1 1478511891.872961 19.754061 2.391252 2.802153 -0.098768 0.677175 -0.218588
-1 1478511891.882931 19.690354 2.412073 2.846915 -0.099523 0.67548 -0.217769
-1 1478511891.893092 19.652816 2.41572 2.821914 -0.099703 0.675816 -0.218435
-1 1478511891.903281 19.685238 2.418861 2.802978 -0.099414 0.678494 -0.220074
-1 1478511891.913068 19.773218 2.436725 2.850018 -0.099791 0.682082 -0.222407
-1 1478511891.923166 19.832438 2.450821 2.834015 -0.100228 0.681501 -0.224379
-1 1478511891.933410 19.83167 2.463719 2.808246 -0.100334 0.677921 -0.225519
-1 1478511891.943544 19.791898 2.4772 2.790274 -0.100543 0.675725 -0.225481
-1 1478511891.953326 19.715862 2.493585 2.786203 -0.101366 0.674019 -0.224179
-1 1478511891.963585 19.651081 2.507821 2.817141 -0.102195 0.673124 -0.222854
-1 1478511891.973678 19.634401 2.518022 2.776439 -0.102608 0.673649 -0.222434
-1 1478511891.983564 19.626303 2.542479 2.79267 -0.102695 0.674955 -0.222752
-1 1478511891.994027 19.655865 2.523258 2.847443 -0.101445 0.678298 -0.221978
-1 1478511892.003506 19.660337 2.538296 2.894498 -0.100921 0.679173 -0.222286
-1 1478511892.013735 19.705838 2.512629 2.903951 -0.10058 0.678501 -0.221686
-1 1478511892.023715 19.730731 2.5202 2.912629 -0.101485 0.676161 -0.221101
-1 1478511892.033711 19.77225 2.479 2.874889 -0.101085 0.674613 -0.219795
-1 1478511892.044119 19.760736 2.459206 2.790261 -0.101398 0.673947 -0.217875
-1 1478511892.053869 19.707508 2.435184 2.832698 -0.10194 0.672426 -0.214698
-1 1478511892.063952 19.655951 2.398669 2.797364 -0.101524 0.670934 -0.212249
-1 1478511892.074020 19.648167 2.385866 2.840716 -0.100639 0.672583 -0.213206
-1 1478511892.084027 19.638436 2.387444 2.833296 -0.100417 0.673089 -0.214288
-1 1478511892.094429 19.625869 2.425891 2.833228 -0.101276 0.672065 -0.21485
-1 1478511892.104286 19.702985 2.432128 2.832984 -0.100532 0.67302 -0.215971
-1 1478511892.114259 19.717696 2.434066 2.861393 -0.100379 0.673545 -0.217639
-1 1478511892.124419 19.749409 2.444084 2.800265 -0.100645 0.672872 -0.218634
-1 1478511892.134372 19.73667 2.459188 2.829559 -0.101472 0.671898 -0.21947
-1 1478511892.144683 19.726266 2.495679 2.808428 -0.102413 0.671892 -0.22112
-1 1478511892.154321 19.731191 2.500318 2.742721 -0.101992 0.671905 -0.223204
-1 1478511892.164427 19.747237 2.475347 2.775214 -0.100911 0.673513 -0.225566
-1 1478511892.174535 19.777757 2.512584 2.834349 -0.100987 0.675389 -0.227599
-1 1478511892.184696 19.791168 2.51853 2.860171 -0.101297 0.676307 -0.225948
-1 1478511892.194927 19.76576 2.533757 2.88065 -0.101752 0.676036 -0.224688
-1 1478511892.204688 19.761975 2.532581 2.88154 -0.101547 0.676288 -0.224888
-1 1478511892.214915 19.794776 2.513039 2.84826 -0.101685 0.677512 -0.22542
-1 1478511892.224865 19.792899 2.523709 2.798663 -0.103561 0.677075 -0.223691
-1 1478511892.234813 19.76608 2.480089 2.765231 -0.103945 0.675375 -0.220244
-1 1478511892.245355 19.732457 2.43668 2.743775 -0.103048 0.674647 -0.219217
-1 1478511892.254932 19.748394 2.401085 2.756936 -0.101755 0.675454 -0.219334
-1 1478511892.265067 19.786298 2.385559 2.772285 -0.101057 0.675771 -0.220225
-1 1478511892.275318 19.840576 2.400517 2.714179 -0.100869 0.675204 -0.222131
-1 1478511892.285210 19.847756 2.38993 2.781768 -0.100535 0.674864 -0.222398
-1 1478511892.295637 19.781595 2.403675 2.789836 -0.100806 0.67494 -0.221029
-1 1478511892.305357 19.703668 2.41018 2.755418 -0.100455 0.675865 -0.218977
-1 1478511892.315460 19.665823 2.424317 2.842996 -0.100147 0.678367 -0.218957
-1 1478511892.325596 19.710424 2.444742 2.866498 -0.10012 0.680267 -0.220461
-1 1478511892.335504 19.736709 2.471539 2.836257 -0.100502 0.679747 -0.222262
-1 1478511892.345823 19.794076 2.444131 2.877277 -0.099814 0.679965 -0.222519
-1 1478511892.355810 19.811869 2.473899 2.871993 -0.100493 0.678579 -0.223383
-1 1478511892.365681 19.799447 2.471497 2.850959 -0.100862 0.675521 -0.223075
-1 1478511892.375784 19.756529 2.482835 2.813433 -0.101651 0.673374 -0.22253
-1 1478511892.385895 19.713777 2.513608 2.716715 -0.1029 0.674003 -0.222519
-1 1478511892.396166 19.692049 2.49984 2.766595 -0.102407 0.675443 -0.222608
-1 1478511892.405906 19.672654 2.500547 2.833987 -0.10135 0.675964 -0.222998
-1 1478511892.416101 19.69834 2.523769 2.877258 -0.100862 0.676676 -0.223527
-1 1478511892.426152 19.740546 2.512864 2.895266 -0.100608 0.67836 -0.223751
-1 1478511892.436156 19.751765 2.466269 2.874698 -0.100417 0.67928 -0.222979
-1 1478511892.446627 19.753651 2.466773 2.78797 -0.101025 0.678681 -0.222005
-1 1478511892.456158 19.796908 2.451159 2.761314 -0.101232 0.679645 -0.221596
-1 1478511892.466319 19.830174 2.433394 2.810183 -0.1011 0.679683 -0.222175
-1 1478511892.476390 19.821279 2.402378 2.849732 -0.100515 0.678156 -0.220932
-1 1478511892.486282 19.741306 2.415471 2.807891 -0.101169 0.676603 -0.218541
-1 1478511892.496709 19.681641 2.405307 2.795493 -0.101797 0.677007 -0.214996
-1 1478511892.506599 19.630747 2.404206 2.774888 -0.102146 0.677458 -0.214491
-1 1478511892.516512 19.654717 2.400497 2.722303 -0.101187 0.678548 -0.216749
-1 1478511892.526607 19.692157 2.409554 2.820658 -0.100118 0.679851 -0.219881
-1 1478511892.536630 19.736949 2.415719 2.883295 -0.099664 0.681507 -0.222271
-1 1478511892.546888 19.777319 2.438679 2.872954 -0.099794 0.681825 -0.223936
-1 1478511892.556803 19.778729 2.430649 2.863029 -0.099707 0.681058 -0.224073
-1 1478511892.566792 19.760686 2.441923 2.775396 -0.099732 0.679783 -0.224915
-1 1478511892.576964 19.749851 2.474793 2.825966 -0.100709 0.678431 -0.225731
-1 1478511892.587058 19.735407 2.505909 2.808754 -0.102169 0.676917 -0.224968
-1 1478511892.597470 19.732709 2.506373 2.733266 -0.10233 0.676364 -0.224696
-1 1478511892.607646 19.727922 2.504683 2.793267 -0.101783 0.676937 -0.226976
-1 1478511892.617292 19.719727 2.482924 2.826398 -0.101163 0.67749 -0.227693
-1 1478511892.627729 19.735012 2.448695 2.73939 -0.100666 0.678243 -0.226059
-1 1478511892.637812 19.742204 2.437492 2.845252 -0.100699 0.678772 -0.225088
-1 1478511892.647908 19.760742 2.43802 2.833844 -0.101252 0.677997 -0.222318
-1 1478511892.657521 19.747548 2.445858 2.825787 -0.102151 0.677492 -0.220643
-1 1478511892.667620 19.76105 2.420562 2.81108 -0.102398 0.677917 -0.21818
-1 1478511892.677691 19.728759 2.431604 2.787911 -0.103234 0.675812 -0.216474
-1 1478511892.688141 19.732133 2.400956 2.711292 -0.102987 0.673737 -0.21484
-1 1478511892.698391 19.715987 2.394439 2.760214 -0.103175 0.672707 -0.214811
-1 1478511892.707787 19.706594 2.387548 2.757506 -0.102519 0.672733 -0.215251
-1 1478511892.717672 19.698157 2.376153 2.769667 -0.101227 0.673879 -0.216782
-1 1478511892.727983 19.690428 2.384314 2.793476 -0.100349 0.675669 -0.219213
-1 1478511892.738373 19.722651 2.387641 2.825915 -0.100065 0.677918 -0.21949
-1 1478511892.748194 19.727162 2.420741 2.838383 -0.100635 0.678909 -0.220152
-1 1478511892.758071 19.731374 2.474257 2.834422 -0.1013 0.678398 -0.222651
-1 1478511892.768178 19.770352 2.491666 2.824497 -0.101518 0.677873 -0.224395
-1 1478511892.778213 19.796346 2.512159 2.815282 -0.101705 0.676725 -0.22657
-1 1478511892.788907 19.806572 2.516807 2.803913 -0.101692 0.676346 -0.228288
-1 1478511892.798853 19.790573 2.514221 2.737185 -0.101776 0.675286 -0.227944
-1 1478511892.808284 19.749177 2.504957 2.787571 -0.101521 0.6736 -0.226703
-1 1478511892.818491 19.732469 2.48667 2.834704 -0.100613 0.674229 -0.226002
-1 1478511892.828391 19.745663 2.456097 2.817555 -0.099557 0.675894 -0.225138
-1 1478511892.838904 19.748907 2.447108 2.8762 -0.099075 0.676257 -0.223976
-1 1478511892.848894 19.793987 2.406357 2.90541 -0.098151 0.677098 -0.221311
-1 1478511892.858822 19.791956 2.369995 2.90241 -0.097655 0.676886 -0.21951
-1 1478511892.868818 19.7726 2.367144 2.916754 -0.098476 0.675685 -0.217504
-1 1478511892.878892 19.760191 2.39572 2.852517 -0.100359 0.674717 -0.21512
-1 1478511892.889310 19.780544 2.370984 2.867138 -0.100243 0.676151 -0.214802
-1 1478511892.899564 19.799237 2.366578 2.843114 -0.099175 0.67755 -0.217002
-1 1478511892.909132 19.779768 2.399344 2.843836 -0.099247 0.678446 -0.219638
-1 1478511892.919258 19.778782 2.439614 2.860779 -0.100293 0.679521 -0.220669
-1 1478511892.929276 19.802752 2.452395 2.890122 -0.100637 0.680154 -0.221303
-1 1478511892.939725 19.808048 2.490533 2.895664 -0.101048 0.680018 -0.223794
-1 1478511892.949719 19.841719 2.501652 2.875081 -0.101771 0.67982 -0.224786
-1 1478511892.959564 19.857371 2.550719 2.811535 -0.103717 0.675137 -0.222708
-1 1478511892.969674 20.084794 2.523924 2.792182 -0.107626 0.66943 -0.224409
-1 1478511892.979708 20.417765 2.375121 2.522668 -0.120437 0.655304 -0.228095
-1 1478511892.990038 20.616178 2.193104 2.027283 -0.139839 0.622504 -0.223306
-1 1478511892.999837 20.883061 1.977979 1.466657 -0.156486 0.578187 -0.214055
-1 1478511893.009753 21.374841 1.679532 0.563581 -0.171942 0.529266 -0.204602
-1 1478511893.019875 21.949892 1.266377 -0.501329 -0.19231 0.4733 -0.197179
-1 1478511893.029791 22.354817 0.928571 -1.708138 -0.221628 0.408025 -0.189401
-1 1478511893.040283 22.420405 0.83157 -3.147064 -0.255987 0.340465 -0.173152
-1 1478511893.050118 22.386765 0.787087 -4.358146 -0.286726 0.283016 -0.160038
-1 1478511893.060036 22.187763 0.679061 -5.494525 -0.312107 0.232556 -0.147813
-1 1478511893.070171 21.867106 0.589085 -6.197809 -0.334615 0.189016 -0.13504
-1 1478511893.080194 21.524535 0.578722 -6.70696 -0.353275 0.159827 -0.123437
-1 1478511893.090614 21.277284 0.599421 -7.034381 -0.368805 0.140564 -0.120743
-1 1478511893.100603 21.401645 0.637663 -7.360127 -0.380131 0.123385 -0.133245
-1 1478511893.110413 21.590466 0.736674 -7.744919 -0.394334 0.092205 -0.148751
-1 1478511893.120507 21.756623 0.861339 -8.22783 -0.409228 0.055147 -0.166719
-1 1478511893.130564 21.973839 0.99021 -8.808405 -0.425724 0.01859 -0.188806
-1 1478511893.140738 22.212011 1.105848 -9.58248 -0.448059 -0.025068 -0.211181
-1 1478511893.150916 22.615831 1.163898 -10.475902 -0.473422 -0.072828 -0.231918
-1 1478511893.160740 23.008058 1.163352 -11.462591 -0.503643 -0.125658 -0.242796
-1 1478511893.170750 23.377121 0.980724 -12.349979 -0.531512 -0.173738 -0.240843
-1 1478511893.180925 23.874205 0.755997 -13.169989 -0.558174 -0.217533 -0.233601
-1 1478511893.191183 24.469326 0.467908 -13.970349 -0.585757 -0.264066 -0.226259
-1 1478511893.201144 25.057972 0.148033 -14.942731 -0.612015 -0.315666 -0.220353
-1 1478511893.211106 25.69254 -0.13037 -16.093724 -0.640019 -0.374718 -0.221279
-1 1478511893.221281 26.324221 -0.380654 -17.301905 -0.673297 -0.442958 -0.228887
-1 1478511893.231289 26.82329 -0.550625 -18.684758 -0.711781 -0.519959 -0.233232
-1 1478511893.241585 27.318211 -0.725868 -20.154165 -0.751662 -0.598369 -0.230426
-1 1478511893.251552 28.040954 -0.888355 -21.453344 -0.791545 -0.674092 -0.231503
-1 1478511893.261320 28.709839 -1.06947 -22.841548 -0.832413 -0.746983 -0.228645
-1 1478511893.271684 29.284312 -1.231638 -24.223846 -0.874547 -0.818124 -0.22257
-1 1478511893.281773 29.726263 -1.409964 -25.529099 -0.913806 -0.887571 -0.213766
-1 1478511893.292374 30.005597 -1.527071 -26.847686 -0.950414 -0.959214 -0.201912
-1 1478511893.302170 30.395849 -1.58878 -27.954701 -0.985727 -1.030104 -0.197624
-1 1478511893.312038 30.670428 -1.648525 -29.144186 -1.020274 -1.097606 -0.193692
-1 1478511893.322060 30.838701 -1.703702 -30.420322 -1.05375 -1.159497 -0.188223
-1 1478511893.332064 31.246781 -1.75176 -31.446918 -1.089066 -1.214976 -0.188865
-1 1478511893.342580 31.759895 -1.820627 -32.425084 -1.125344 -1.266776 -0.186622
-1 1478511893.352736 32.32701 -1.908668 -33.49252 -1.160909 -1.315935 -0.184115
-1 1478511893.362508 32.97435 -2.052884 -34.444898 -1.197799 -1.369715 -0.181921
-1 1478511893.372445 33.497733 -2.258414 -35.489193 -1.236427 -1.433409 -0.170866
-1 1478511893.382592 33.933934 -2.498391 -36.671498 -1.278082 -1.504571 -0.15204
-1 1478511893.392908 34.559409 -2.767626 -37.889121 -1.322873 -1.576382 -0.132772
-1 1478511893.402923 35.169685 -3.028708 -39.321815 -1.369159 -1.650719 -0.111375
-1 1478511893.412762 35.61948 -3.24428 -40.912142 -1.417592 -1.73452 -0.089396
-1 1478511893.422720 36.17296 -3.433504 -42.353183 -1.466727 -1.823908 -0.071581
-1 1478511893.432840 36.797029 -3.601709 -43.726271 -1.514487 -1.915281 -0.052355
-1 1478511893.443058 37.260455 -3.784734 -45.077647 -1.555714 -1.999219 -0.028722
-1 1478511893.453068 37.699009 -3.959222 -46.12618 -1.589255 -2.068323 -0.009902
-1 1478511893.463022 38.086917 -4.120126 -46.999545 -1.61688 -2.125016 0.005741
-1 1478511893.472967 38.407153 -4.284571 -47.74397 -1.639774 -2.172642 0.019884
-1 1478511893.483038 38.51755 -4.427372 -48.415602 -1.658057 -2.21331 0.036113
-1 1478511893.493573 38.62465 -4.501952 -48.891204 -1.673554 -2.246139 0.04678
-1 1478511893.503360 38.501275 -4.53664 -49.305952 -1.685553 -2.274025 0.059684
-1 1478511893.513215 38.551915 -4.553798 -49.564131 -1.696972 -2.297228 0.065007
-1 1478511893.523346 38.574225 -4.617467 -49.910364 -1.705307 -2.315738 0.073615
-1 1478511893.533405 38.621842 -4.621861 -50.307425 -1.713124 -2.33144 0.079484
-1 1478511893.543909 38.783992 -4.671297 -50.532765 -1.7197 -2.344005 0.081934
-1 1478511893.553575 38.756091 -4.696926 -50.778076 -1.724786 -2.356206 0.087677
-1 1478511893.563554 38.575928 -4.647706 -51.021 -1.728749 -2.365993 0.094278
-1 1478511893.573569 38.69235 -4.585807 -51.001209 -1.734229 -2.373557 0.089485
-1 1478511893.583712 38.44262 -4.600883 -51.277248 -1.735674 -2.38055 0.099807
-1 1478511893.593856 38.396486 -4.627826 -51.333367 -1.737499 -2.384962 0.103304
-1 1478511893.603808 38.310866 -4.549967 -51.371273 -1.740227 -2.389773 0.103404
-1 1478511893.613709 38.257831 -4.428179 -51.416983 -1.74356 -2.394479 0.100826
-1 1478511893.623864 38.235601 -4.357612 -51.50695 -1.746986 -2.39969 0.099309
-1 1478511893.633855 38.195538 -4.414718 -51.569897 -1.74797 -2.403174 0.103018
-1 1478511893.644353 38.07479 -4.499283 -51.580689 -1.745648 -2.403127 0.110247
-1 1478511893.654133 38.018335 -4.548055 -51.498776 -1.743631 -2.402064 0.113597
-1 1478511893.664069 37.942846 -4.580253 -51.492411 -1.743297 -2.403753 0.116573
-1 1478511893.674121 37.954009 -4.545596 -51.579822 -1.74579 -2.407506 0.11515
-1 1478511893.684189 37.895343 -4.54023 -51.719345 -1.747099 -2.410765 0.117642
-1 1478511893.694499 37.995461 -4.524394 -51.660618 -1.748032 -2.410862 0.1146
-1 1478511893.704293 38.006108 -4.515834 -51.624571 -1.747514 -2.409734 0.114427
-1 1478511893.714541 37.742496 -4.44943 -51.806654 -1.746954 -2.41083 0.120569
-1 1478511893.724591 37.91906 -4.390664 -51.810637 -1.74971 -2.411857 0.113916
-1 1478511893.734598 37.934345 -4.368709 -51.949146 -1.751154 -2.41379 0.113749
-1 1478511893.744927 38.032999 -4.375612 -51.901766 -1.751954 -2.413772 0.110964
-1 1478511893.754630 37.779357 -4.361315 -52.032079 -1.749512 -2.41281 0.118798
-1 1478511893.764683 37.819994 -4.381113 -51.941571 -1.749228 -2.411866 0.117704
-1 1478511893.774806 37.815127 -4.360674 -51.982058 -1.750368 -2.412881 0.117249
-1 1478511893.784868 37.961301 -4.326584 -51.909525 -1.752908 -2.414681 0.111167
-1 1478511893.795206 37.693912 -4.305578 -52.073101 -1.751218 -2.4154 0.11894
-1 1478511893.805007 37.960396 -4.391062 -51.829889 -1.750439 -2.411964 0.113708
-1 1478511893.814929 37.996678 -4.5095 -51.785415 -1.747881 -2.409842 0.117608
-1 1478511893.825177 37.88734 -4.555586 -51.900168 -1.746041 -2.409524 0.123725
-1 1478511893.835306 38.137225 -4.549862 -51.789538 -1.747403 -2.408686 0.116338
-1 1478511893.845484 38.109382 -4.430605 -51.971743 -1.74923 -2.409767 0.114513
-1 1478511893.855598 38.29771 -4.37463 -52.072269 -1.752038 -2.410966 0.108606
-1 1478511893.865423 38.558794 -4.300515 -52.193622 -1.755513 -2.411881 0.100588
-1 1478511893.875406 38.821811 -4.355856 -52.274265 -1.756364 -2.411243 0.097322
-1 1478511893.885528 39.055578 -4.370986 -52.255526 -1.75752 -2.410523 0.092321
-1 1478511893.895729 39.060965 -4.461991 -52.277553 -1.754954 -2.40796 0.096509
-1 1478511893.905480 39.147014 -4.493147 -52.224609 -1.753487 -2.404627 0.09594
-1 1478511893.915796 39.277996 -4.444498 -52.23953 -1.754537 -2.403207 0.091242
-1 1478511893.925774 39.441492 -4.363455 -52.2555 -1.757733 -2.404635 0.083972
-1 1478511893.935698 39.513289 -4.232464 -52.428865 -1.761302 -2.407028 0.078577
-1 1478511893.946251 39.67658 -4.170063 -52.503825 -1.76365 -2.407461 0.073128
-1 1478511893.956011 40.025865 -4.187749 -52.427272 -1.765385 -2.406053 0.064677
-1 1478511893.966199 40.216784 -4.232942 -52.459612 -1.765417 -2.404793 0.062294
-1 1478511893.976223 40.205121 -4.269468 -52.596534 -1.764159 -2.403914 0.065914
-1 1478511893.986044 40.604058 -4.217164 -52.470874 -1.767567 -2.403104 0.053287
-1 1478511893.996316 40.427422 -4.186636 -52.690857 -1.767125 -2.404399 0.058894
-1 1478511894.006169 40.618643 -4.160739 -52.508186 -1.769116 -2.40413 0.050932
-1 1478511894.016247 40.414943 -4.117445 -52.521078 -1.76822 -2.404214 0.054566
-1 1478511894.026350 40.421052 -4.058877 -52.349022 -1.769129 -2.403913 0.050061
-1 1478511894.036464 40.179275 -4.029799 -52.413617 -1.769075 -2.40653 0.054912
-1 1478511894.046776 40.079507 -4.021017 -52.409478 -1.769105 -2.407962 0.056627
-1 1478511894.056441 40.043788 -4.003414 -52.39137 -1.768979 -2.408109 0.056675
-1 1478511894.066593 39.942228 -3.99895 -52.439118 -1.768235 -2.408196 0.059575
-1 1478511894.076568 40.067545 -3.966602 -52.39076 -1.769498 -2.407778 0.054709
-1 1478511894.086769 40.055539 -3.973736 -52.474833 -1.769309 -2.407935 0.05637
-1 1478511894.096900 40.175714 -3.943729 -52.455257 -1.771101 -2.408727 0.051805
-1 1478511894.106806 40.172264 -3.998243 -52.358133 -1.770148 -2.408239 0.052859
-1 1478511894.116839 39.98759 -4.024646 -52.366724 -1.768181 -2.408032 0.058633
-1 1478511894.126879 39.857009 -4.089319 -52.303752 -1.766008 -2.407468 0.063736
-1 1478511894.137013 39.778409 -4.137345 -52.273182 -1.764712 -2.40744 0.0671
-1 1478511894.147865 39.762258 -4.143097 -52.273859 -1.764642 -2.407716 0.067631
-1 1478511894.157474 39.763074 -4.132248 -52.293348 -1.765189 -2.408437 0.067179
-1 1478511894.167474 39.801012 -4.134701 -52.298296 -1.765251 -2.408091 0.066535
-1 1478511894.177555 39.841897 -4.202398 -52.274503 -1.763818 -2.406614 0.068288
-1 1478511894.187741 39.924602 -4.283773 -52.267444 -1.762528 -2.405156 0.06972
-1 1478511894.198032 39.965866 -4.353241 -52.246176 -1.761119 -2.403768 0.071522
-1 1478511894.207695 39.936904 -4.373915 -52.235288 -1.760609 -2.403766 0.072886
-1 1478511894.217746 39.907643 -4.313622 -52.271536 -1.762189 -2.405562 0.071179
-1 1478511894.227955 39.821608 -4.230222 -52.302577 -1.763987 -2.407956 0.06977
-1 1478511894.238101 39.694873 -4.191289 -52.288276 -1.764255 -2.409197 0.070789
-1 1478511894.248252 39.481833 -4.184949 -52.283832 -1.762497 -2.408846 0.075888
-1 1478511894.258012 39.461478 -4.224538 -52.140015 -1.760811 -2.406878 0.076746
-1 1478511894.268118 39.446174 -4.243957 -52.104561 -1.759823 -2.405779 0.077797
-1 1478511894.278189 39.275922 -4.217739 -52.315828 -1.759155 -2.406567 0.083368
-1 1478511894.288853 39.539317 -4.135511 -52.270721 -1.762934 -2.407509 0.072856
-1 1478511894.298277 39.480935 -4.018226 -52.479725 -1.765247 -2.409916 0.071723
-1 1478511894.308307 39.567125 -3.929662 -52.553866 -1.767993 -2.41148 0.066585
-1 1478511894.318375 39.627636 -3.910008 -52.600609 -1.769227 -2.412406 0.064504
-1 1478511894.328346 39.647537 -4.025269 -52.579966 -1.767208 -2.411315 0.0684
-1 1478511894.338959 39.663584 -4.143299 -52.453107 -1.764772 -2.409477 0.071464
-1 1478511894.348864 39.354104 -4.278667 -52.460258 -1.759475 -2.407786 0.084876
-1 1478511894.358519 39.324412 -4.362571 -52.235803 -1.757341 -2.406053 0.086475
-1 1478511894.368717 39.124675 -4.344625 -52.16659 -1.756174 -2.406244 0.089953
-1 1478511894.378739 38.950134 -4.339894 -52.193622 -1.754995 -2.40655 0.09441
-1 1478511894.389337 38.980909 -4.340362 -52.220441 -1.755522 -2.4071 0.093891
-1 1478511894.399429 39.096006 -4.348361 -52.282791 -1.756656 -2.407872 0.09188
-1 1478511894.409233 39.259053 -4.392355 -52.339241 -1.757169 -2.407721 0.090252
-1 1478511894.419426 39.275142 -4.405935 -52.432752 -1.757098 -2.407841 0.091518
-1 1478511894.429530 39.298156 -4.409155 -52.435169 -1.757095 -2.407657 0.091182
-1 1478511894.439685 39.241591 -4.39986 -52.40457 -1.756614 -2.407265 0.091946
-1 1478511894.449713 39.243534 -4.411425 -52.303812 -1.756188 -2.406595 0.091336
-1 1478511894.459793 39.028701 -4.404646 -52.316432 -1.754773 -2.406973 0.096433
-1 1478511894.469624 38.807471 -4.327543 -52.352023 -1.754812 -2.408209 0.098969
-1 1478511894.479947 38.778686 -4.234529 -52.293482 -1.756702 -2.409576 0.095001
-1 1478511894.490099 38.64839 -4.167716 -52.373458 -1.757472 -2.411317 0.09603
-1 1478511894.499955 38.79082 -4.189185 -52.333572 -1.758132 -2.410985 0.092927
-1 1478511894.509793 38.704467 -4.259423 -52.526454 -1.755714 -2.410042 0.100399
-1 1478511894.519910 38.87454 -4.258774 -52.565516 -1.756513 -2.409115 0.096981
-1 1478511894.530025 39.24676 -4.230245 -52.512976 -1.759374 -2.408307 0.086341
-1 1478511894.540345 39.230613 -4.140873 -52.725257 -1.761357 -2.410174 0.085424
-1 1478511894.550371 39.567976 -4.120267 -52.608652 -1.764633 -2.410391 0.0748
-1 1478511894.560176 39.547969 -4.114261 -52.60762 -1.764696 -2.410626 0.075027
-1 1478511894.570232 39.419555 -4.144945 -52.545288 -1.76302 -2.410001 0.078767
-1 1478511894.580316 39.26266 -4.182356 -52.463474 -1.760852 -2.409172 0.083339
-1 1478511894.590640 39.146164 -4.269209 -52.392801 -1.758218 -2.408145 0.08894
-1 1478511894.600578 39.107641 -4.310544 -52.377865 -1.757343 -2.40812 0.091253
-1 1478511894.610431 39.173748 -4.320368 -52.392657 -1.757493 -2.407742 0.090339
-1 1478511894.620721 39.280528 -4.288651 -52.427835 -1.758648 -2.407502 0.08699
-1 1478511894.630528 39.405889 -4.252205 -52.474384 -1.760095 -2.407573 0.083077
-1 1478511894.640976 39.531727 -4.241158 -52.521929 -1.76121 -2.407614 0.080101
-1 1478511894.651000 39.509888 -4.249774 -52.617799 -1.761261 -2.408345 0.081842
-1 1478511894.660711 39.631841 -4.255821 -52.48809 -1.762115 -2.407944 0.077499
-1 1478511894.670849 39.422767 -4.265803 -52.502003 -1.760479 -2.408349 0.08316
-1 1478511894.681159 39.354525 -4.288514 -52.374856 -1.759357 -2.407569 0.084449
-1 1478511894.691241 39.224492 -4.314606 -52.32529 -1.757989 -2.407548 0.088074
-1 1478511894.701283 39.125963 -4.287954 -52.306467 -1.757984 -2.408246 0.089046
-1 1478511894.711329 38.98381 -4.212455 -52.360064 -1.758359 -2.409092 0.09008
-1 1478511894.721152 39.043114 -4.09214 -52.331906 -1.761251 -2.410356 0.083259
-1 1478511894.731254 39.094346 -4.014414 -52.373985 -1.763188 -2.411121 0.079305
-1 1478511894.741543 39.187414 -3.983201 -52.414301 -1.764445 -2.411137 0.076218
-1 1478511894.751756 39.466015 -4.027127 -52.324476 -1.765559 -2.410125 0.070212
-1 1478511894.761489 39.367412 -4.052658 -52.459766 -1.764374 -2.410374 0.075303
-1 1478511894.771537 39.467759 -4.055952 -52.400641 -1.76491 -2.40988 0.072349
-1 1478511894.781678 39.456662 -4.115114 -52.380468 -1.763667 -2.409436 0.074787
-1 1478511894.792271 39.598827 -4.154934 -52.242621 -1.763855 -2.408809 0.07131
-1 1478511894.801862 39.399696 -4.238348 -52.314331 -1.7606 -2.407965 0.080537
-1 1478511894.811772 39.356163 -4.298355 -52.269931 -1.758867 -2.40686 0.083669
-1 1478511894.821919 39.418543 -4.315895 -52.19971 -1.758965 -2.406526 0.082084
-1 1478511894.831947 39.321027 -4.326644 -52.3417 -1.758148 -2.406914 0.086501
-1 1478511894.842288 39.428095 -4.321614 -52.384851 -1.759085 -2.407039 0.084152
-1 1478511894.852365 39.572407 -4.299608 -52.436223 -1.760424 -2.406953 0.080426
-1 1478511894.862087 39.709452 -4.280254 -52.487441 -1.761721 -2.406968 0.076972
-1 1478511894.872142 39.870784 -4.279864 -52.456884 -1.762875 -2.406706 0.07265
-1 1478511894.882249 40.065967 -4.235441 -52.339382 -1.764661 -2.405865 0.064931
-1 1478511894.892599 40.050364 -4.196096 -52.315784 -1.764751 -2.405165 0.063677
-1 1478511894.902944 40.003558 -4.155432 -52.304464 -1.7651 -2.405385 0.063079
-1 1478511894.912504 39.944353 -4.106786 -52.316072 -1.766012 -2.406679 0.062517
-1 1478511894.922519 39.955394 -4.064507 -52.258306 -1.767214 -2.407551 0.059601
-1 1478511894.932563 39.796765 -3.989854 -52.318383 -1.767714 -2.408873 0.06102
-1 1478511894.943060 39.750622 -3.996837 -52.31007 -1.767442 -2.409207 0.062306
-1 1478511894.952941 39.695933 -3.995053 -52.300643 -1.767282 -2.409631 0.063258
-1 1478511894.962855 39.737431 -4.018554 -52.219366 -1.767079 -2.409157 0.062302
-1 1478511894.972918 39.675927 -4.028426 -52.197435 -1.766501 -2.409207 0.06389
-1 1478511894.982928 39.61835 -4.022167 -52.175052 -1.766144 -2.409171 0.064786
-1 1478511894.993174 39.575475 -4.055152 -52.162854 -1.765426 -2.409331 0.066968
-1 1478511895.003103 39.538431 -4.13461 -52.152148 -1.764083 -2.409457 0.070753
-1 1478511895.013131 39.485553 -4.217529 -52.114758 -1.762163 -2.408781 0.074906
-1 1478511895.023091 39.379599 -4.270931 -52.063083 -1.760374 -2.408316 0.079002
-1 1478511895.033162 39.254259 -4.301938 -52.012797 -1.758919 -2.408206 0.082787
-1 1478511895.043838 39.103336 -4.327749 -52.032078 -1.757186 -2.407859 0.087857
-1 1478511895.053406 39.19179 -4.362815 -51.963042 -1.757062 -2.407198 0.086297
-1 1478511895.063410 39.243833 -4.399673 -51.983077 -1.756947 -2.407195 0.086587
-1 1478511895.073452 39.208625 -4.41136 -52.057664 -1.756524 -2.407321 0.088825
-1 1478511895.083429 39.421551 -4.387221 -51.873698 -1.75842 -2.407014 0.080524
-1 1478511895.094275 39.203912 -4.411098 -51.973781 -1.756597 -2.407412 0.087845
-1 1478511895.104008 39.144934 -4.401849 -51.942276 -1.756096 -2.407041 0.088676
-1 1478511895.113729 39.362786 -4.437304 -51.752735 -1.757025 -2.406513 0.082562
-1 1478511895.123722 39.51288 -4.426323 -51.66875 -1.758989 -2.407685 0.076933
-1 1478511895.133788 39.590236 -4.382274 -51.687712 -1.759997 -2.407283 0.07375
-1 1478511895.144143 39.851268 -4.277827 -51.597521 -1.763172 -2.40666 0.062438
-1 1478511895.153951 39.924023 -4.218923 -51.661602 -1.765304 -2.408031 0.058782
-1 1478511895.164071 40.123942 -4.141353 -51.586404 -1.768396 -2.40886 0.049686
-1 1478511895.174097 40.357188 -4.091513 -51.401324 -1.770633 -2.408358 0.039798
-1 1478511895.184188 40.29297 -4.084378 -51.384149 -1.770391 -2.408643 0.040951
-1 1478511895.194421 38.980008 -4.027481 -51.396997 -1.755925 -2.438007 0.107539
-1 1478511895.204202 36.242341 -3.823232 -51.564113 -1.722132 -2.480038 0.230729
-1 1478511895.214237 34.258201 -3.581925 -51.053566 -1.686166 -2.492056 0.307949
-1 1478511895.224455 32.266186 -3.283327 -50.394581 -1.64162 -2.480966 0.36835
-1 1478511895.234492 30.533253 -2.976236 -49.450966 -1.593146 -2.447598 0.410092
-1 1478511895.245185 29.19918 -2.712579 -48.106571 -1.544405 -2.395608 0.432014
-1 1478511895.254436 27.745474 -2.511718 -46.713824 -1.48991 -2.327382 0.448649
-1 1478511895.264462 26.521862 -2.367894 -45.077885 -1.434188 -2.240723 0.453265
-1 1478511895.274773 25.365735 -2.192887 -43.224904 -1.376372 -2.14231 0.452187
-1 1478511895.284771 24.1763 -1.934757 -41.195514 -1.317628 -2.036966 0.448492
-1 1478511895.294925 23.075979 -1.697977 -38.984538 -1.255685 -1.922009 0.439323
-1 1478511895.305039 22.047975 -1.437621 -36.681265 -1.190908 -1.7986 0.424666
-1 1478511895.314853 21.129591 -1.204702 -34.257685 -1.122316 -1.666261 0.407379
-1 1478511895.325060 20.292364 -0.992118 -31.781721 -1.047832 -1.524621 0.388621
-1 1478511895.334995 19.742949 -0.754407 -29.217785 -0.973851 -1.375299 0.35908
-1 1478511895.345415 19.300045 -0.554797 -26.688312 -0.898557 -1.220662 0.322212
-1 1478511895.355160 18.743058 -0.222536 -24.249318 -0.827032 -1.06772 0.281904
-1 1478511895.365362 18.135302 0.038226 -21.79699 -0.757601 -0.916386 0.244986
-1 1478511895.375363 17.662671 0.318705 -19.279594 -0.6898 -0.767021 0.207011
-1 1478511895.385313 17.229041 0.584834 -16.813941 -0.625059 -0.621491 0.175252
-1 1478511895.395783 16.830813 0.880989 -14.505124 -0.563362 -0.481254 0.145356
-1 1478511895.405391 16.875884 1.089027 -11.996554 -0.500444 -0.352093 0.106045
-1 1478511895.415552 16.75425 1.327368 -9.757573 -0.442004 -0.237997 0.080236
-1 1478511895.425682 16.534758 1.503488 -7.923284 -0.390439 -0.121961 0.067973
-1 1478511895.435941 16.733263 1.457392 -6.270542 -0.340655 -0.000006 0.04447
-1 1478511895.446190 17.077689 1.302445 -4.753328 -0.298746 0.111407 0.018912
-1 1478511895.456082 17.456233 1.260057 -3.380925 -0.26156 0.202234 -0.005133
-1 1478511895.466063 17.8966 1.370037 -2.222412 -0.229918 0.275769 -0.033904
-1 1478511895.476290 18.315912 1.547377 -1.331212 -0.207161 0.327997 -0.063394
-1 1478511895.486327 18.647489 1.732886 -0.726442 -0.191552 0.360979 -0.091313
-1 1478511895.496693 18.748263 1.873468 -0.422338 -0.181914 0.387299 -0.108516
-1 1478511895.506399 18.692466 2.043172 -0.163631 -0.175125 0.412184 -0.116935
-1 1478511895.516583 18.73674 2.049812 0.244644 -0.165613 0.443452 -0.125556
-1 1478511895.526730 18.887441 2.015591 0.580253 -0.15732 0.473027 -0.13623
-1 1478511895.536562 19.049551 2.002732 0.887887 -0.15062 0.497286 -0.147198
-1 1478511895.546810 19.199422 1.971217 1.061903 -0.143175 0.515879 -0.156453
-1 1478511895.556699 19.343394 2.022325 1.313101 -0.138767 0.532595 -0.169011
-1 1478511895.566723 19.289506 2.137798 1.394751 -0.138099 0.543688 -0.177408
-1 1478511895.576956 19.104159 2.238295 1.424589 -0.136905 0.551498 -0.179057
-1 1478511895.586779 18.934799 2.372094 1.738702 -0.134472 0.564342 -0.180772
-1 1478511895.597375 18.763815 2.472557 1.987161 -0.130783 0.579845 -0.181045
-1 1478511895.607034 18.698917 2.479234 2.294227 -0.12399 0.596398 -0.18252
-1 1478511895.617367 18.780616 2.566681 2.578675 -0.118387 0.611054 -0.191009
-1 1478511895.627347 19.0475 2.589912 2.698029 -0.113918 0.623234 -0.201117
-1 1478511895.637594 19.33396 2.58826 2.80872 -0.112612 0.626305 -0.211303
-1 1478511895.647991 19.562213 2.534201 2.704029 -0.11395 0.621824 -0.215113
-1 1478511895.657789 19.762834 2.454397 2.533788 -0.11605 0.616869 -0.214097
-1 1478511895.667845 19.729091 2.343045 2.33427 -0.118521 0.606704 -0.204959
-1 1478511895.677528 19.41835 2.239996 2.172724 -0.120835 0.597241 -0.189987
-1 1478511895.687875 19.063696 2.152814 2.260671 -0.11932 0.599047 -0.177377
-1 1478511895.697891 18.912737 2.115133 2.378967 -0.11586 0.61175 -0.174816
-1 1478511895.707803 18.932457 2.089276 2.478073 -0.112577 0.625824 -0.178604
-1 1478511895.717900 18.885024 2.080573 2.69199 -0.108623 0.634637 -0.18136
-1 1478511895.728163 18.961272 2.162577 2.925973 -0.103671 0.64175 -0.188062
-1 1478511895.738319 18.932397 2.217253 3.062943 -0.100698 0.643739 -0.191947
-1 1478511895.748322 18.958981 2.268701 2.963854 -0.101231 0.644374 -0.196509
-1 1478511895.758076 19.176297 2.325184 2.979508 -0.10293 0.645296 -0.204403
-1 1478511895.768008 19.287313 2.338111 2.769742 -0.105541 0.64289 -0.206913
-1 1478511895.778083 19.296648 2.301455 2.781854 -0.105842 0.641565 -0.205902
-1 1478511895.789047 19.319355 2.360908 2.736507 -0.105852 0.643379 -0.208228
-1 1478511895.798649 19.185331 2.366648 2.778799 -0.10565 0.645917 -0.209719
-1 1478511895.808397 19.019556 2.385125 2.766107 -0.105794 0.646485 -0.211427
-1 1478511895.818409 18.94152 2.449117 2.760556 -0.106207 0.649393 -0.214329
-1 1478511895.828426 18.901319 2.475147 2.804044 -0.105342 0.656165 -0.215508
-1 1478511895.838860 18.918041 2.491889 2.960968 -0.104333 0.664288 -0.217971
-1 1478511895.848808 18.985974 2.527837 2.996377 -0.103465 0.66924 -0.220487
-1 1478511895.858648 19.022312 2.564345 3.036713 -0.103258 0.668182 -0.221188
-1 1478511895.868673 19.074963 2.539938 3.097182 -0.103137 0.664176 -0.218991
-1 1478511895.878756 19.116367 2.49093 3.025278 -0.103938 0.657832 -0.213905
-1 1478511895.889223 19.173512 2.419827 2.9123 -0.104877 0.653151 -0.207583
-1 1478511895.899289 19.122523 2.314608 2.80824 -0.105209 0.649515 -0.19888
-1 1478511895.908817 19.017685 2.270381 2.72921 -0.105614 0.646481 -0.19434
-1 1478511895.919356 18.974629 2.219071 2.696761 -0.104505 0.646663 -0.190886
-1 1478511895.929032 18.867816 2.202182 2.789817 -0.104145 0.648105 -0.18841
-1 1478511895.939672 18.831786 2.181963 2.854313 -0.10164 0.652523 -0.189099
-1 1478511895.949487 18.871025 2.198921 2.94913 -0.098802 0.658218 -0.194369
-1 1478511895.959316 18.938895 2.251596 3.023906 -0.097953 0.66334 -0.20165
-1 1478511895.969323 19.048808 2.341396 2.979861 -0.09896 0.665569 -0.208357
-1 1478511895.979527 19.179834 2.450866 3.05175 -0.101672 0.662697 -0.214324
-1 1478511895.989809 19.317335 2.529915 2.964096 -0.105244 0.65837 -0.217186
-1 1478511895.999853 19.381795 2.56051 2.779923 -0.107986 0.653654 -0.218554
-1 1478511896.009663 19.385215 2.584498 2.675119 -0.110488 0.646898 -0.218218
-1 1478511896.019663 19.276115 2.650644 2.610458 -0.114301 0.640899 -0.215946
-1 1478511896.029752 19.246868 2.664112 2.538993 -0.115552 0.641248 -0.214337
-1 1478511896.040216 19.362676 2.618551 2.523585 -0.114818 0.644747 -0.216558
-1 1478511896.050310 19.425057 2.551448 2.579821 -0.11378 0.646136 -0.217675
-1 1478511896.060089 19.482284 2.550053 2.521493 -0.113566 0.645656 -0.217587
-1 1478511896.070160 19.466661 2.543635 2.615542 -0.112791 0.644276 -0.215209
-1 1478511896.080094 19.383831 2.490335 2.652387 -0.111418 0.64102 -0.209514
-1 1478511896.090567 19.392124 2.431368 2.605584 -0.110256 0.638407 -0.204664
-1 1478511896.100338 19.491607 2.361302 2.628903 -0.109331 0.640237 -0.203386
-1 1478511896.110277 19.593602 2.291717 2.562456 -0.108682 0.641546 -0.203399
-1 1478511896.120298 19.657013 2.257763 2.463316 -0.108401 0.639909 -0.203153
-1 1478511896.130324 19.611192 2.235416 2.447134 -0.107883 0.638407 -0.201758
-1 1478511896.140747 19.512894 2.226349 2.459818 -0.107423 0.638954 -0.200269
-1 1478511896.150892 19.422065 2.227776 2.475114 -0.107517 0.643096 -0.200652
-1 1478511896.160493 19.483833 2.260881 2.519604 -0.10688 0.649949 -0.20521
-1 1478511896.170703 19.695724 2.341716 2.692689 -0.107193 0.655109 -0.214315
-1 1478511896.180711 19.812199 2.395553 2.629958 -0.108327 0.653694 -0.218113
-1 1478511896.191078 19.812665 2.440674 2.55074 -0.110362 0.649217 -0.218827
-1 1478511896.201123 19.715926 2.498292 2.490073 -0.112105 0.645856 -0.219932
-1 1478511896.211007 19.626609 2.53528 2.466943 -0.114155 0.644897 -0.219185
-1 1478511896.220934 19.550356 2.634446 2.40842 -0.118633 0.643863 -0.218908
-1 1478511896.231040 19.567717 2.672035 2.360279 -0.120674 0.643001 -0.219938
-1 1478511896.241576 19.652308 2.673871 2.399735 -0.120106 0.644744 -0.222164
-1 1478511896.251412 19.689562 2.647955 2.383036 -0.118325 0.646717 -0.221521
-1 1478511896.261258 19.613614 2.604629 2.483387 -0.116152 0.645678 -0.218851
-1 1478511896.271463 19.482567 2.546828 2.582425 -0.115169 0.643778 -0.214184
-1 1478511896.281493 19.393907 2.481164 2.476775 -0.114514 0.643268 -0.208397
-1 1478511896.291835 19.462417 2.4413 2.417988 -0.113667 0.646002 -0.206345
-1 1478511896.301775 19.55454 2.380816 2.529579 -0.113082 0.649186 -0.2052
-1 1478511896.311562 19.610002 2.315526 2.55206 -0.111284 0.649049 -0.20307
-1 1478511896.321882 19.645092 2.276935 2.614317 -0.109235 0.648561 -0.20329
-1 1478511896.331740 19.636851 2.252307 2.542891 -0.107756 0.64692 -0.202085
-1 1478511896.342587 19.561648 2.255569 2.484955 -0.108642 0.645016 -0.200279
-1 1478511896.352288 19.496288 2.286641 2.486754 -0.110647 0.64586 -0.200767
-1 1478511896.361806 19.501939 2.325497 2.503755 -0.110831 0.649734 -0.203251
-1 1478511896.371913 19.533699 2.342841 2.487103 -0.109346 0.653623 -0.206445
-1 1478511896.381919 19.549599 2.358451 2.574085 -0.108617 0.6562 -0.211737
-1 1478511896.392240 19.554683 2.402193 2.534138 -0.108759 0.656227 -0.217124
-1 1478511896.402404 19.534456 2.480387 2.507431 -0.109498 0.654776 -0.221877
-1 1478511896.412134 19.524089 2.555973 2.578424 -0.110927 0.654416 -0.226456
-1 1478511896.422113 19.542376 2.591949 2.576683 -0.111943 0.653829 -0.228391
-1 1478511896.432246 19.585952 2.609762 2.532981 -0.111962 0.654822 -0.22984
-1 1478511896.442615 19.526258 2.575364 2.582992 -0.110344 0.655001 -0.226911
-1 1478511896.452582 19.51178 2.513773 2.64286 -0.109331 0.655668 -0.22243
-1 1478511896.462508 19.590186 2.49023 2.639038 -0.110621 0.657543 -0.220989
-1 1478511896.472587 19.584013 2.399326 2.537894 -0.109567 0.657748 -0.216848
-1 1478511896.482439 19.555535 2.349007 2.492921 -0.107813 0.657761 -0.214749
-1 1478511896.492786 19.534275 2.35133 2.543829 -0.107612 0.659002 -0.213333
-1 1478511896.502911 19.501556 2.35068 2.559718 -0.107971 0.659725 -0.211404
-1 1478511896.512615 19.488877 2.34368 2.57047 -0.107452 0.660396 -0.210013
-1 1478511896.522898 19.490716 2.320882 2.638611 -0.106462 0.662925 -0.209958
-1 1478511896.532870 19.507461 2.348148 2.676708 -0.105506 0.663939 -0.212984
-1 1478511896.542922 19.526867 2.366253 2.71315 -0.105073 0.663785 -0.214041
-1 1478511896.553085 19.474058 2.377962 2.740757 -0.1053 0.664653 -0.213996
-1 1478511896.562885 19.512363 2.379171 2.709316 -0.10477 0.665493 -0.215783
-1 1478511896.573025 19.510382 2.447386 2.679736 -0.10613 0.665992 -0.219443
-1 1478511896.583010 19.546738 2.502957 2.661207 -0.106532 0.6672 -0.226247
-1 1478511896.593262 19.588036 2.568059 2.60806 -0.106701 0.664771 -0.232547
-1 1478511896.603430 19.616599 2.639959 2.653326 -0.107277 0.661923 -0.236573
-1 1478511896.613403 19.573349 2.672646 2.68047 -0.107782 0.659444 -0.236974
-1 1478511896.623403 19.395816 2.64002 2.724263 -0.108009 0.657802 -0.229975
-1 1478511896.633321 19.269703 2.601514 2.700548 -0.108726 0.660696 -0.221469
-1 1478511896.643740 19.206325 2.509752 2.715697 -0.108122 0.667588 -0.214299
-1 1478511896.653545 19.257274 2.40284 2.784526 -0.105918 0.674417 -0.210369
-1 1478511896.663759 19.336373 2.318359 2.886755 -0.103682 0.678523 -0.206848
-1 1478511896.673757 19.355578 2.287159 2.922556 -0.101988 0.679553 -0.204596
-1 1478511896.683714 19.400618 2.212209 2.899794 -0.100233 0.678428 -0.201041
-1 1478511896.693932 19.419892 2.221351 2.772193 -0.10116 0.67334 -0.19995
-1 1478511896.703903 19.421674 2.182917 2.773373 -0.101913 0.669881 -0.199144
-1 1478511896.713721 19.461607 2.1568 2.677556 -0.102468 0.669558 -0.198592
-1 1478511896.723970 19.5108 2.123283 2.699942 -0.101916 0.668816 -0.199438
-1 1478511896.733922 19.562959 2.108231 2.722531 -0.100798 0.668371 -0.201405
-1 1478511896.744289 19.575597 2.131639 2.656804 -0.10051 0.67006 -0.203847
-1 1478511896.754213 19.538923 2.181202 2.67612 -0.100721 0.672086 -0.208772
-1 1478511896.764279 19.493252 2.268392 2.680347 -0.101786 0.673797 -0.215003
-1 1478511896.774197 19.492927 2.360351 2.733623 -0.103495 0.676383 -0.221338
-1 1478511896.784516 19.56609 2.497678 2.717535 -0.105476 0.677513 -0.229724
-1 1478511896.794676 19.609653 2.620999 2.709788 -0.107485 0.675394 -0.236068
-1 1478511896.804504 19.704481 2.695284 2.645676 -0.109113 0.672277 -0.238877
-1 1478511896.814540 19.706189 2.746142 2.701927 -0.111429 0.667107 -0.237663
-1 1478511896.824628 19.614396 2.733303 2.63549 -0.11338 0.662755 -0.231262
-1 1478511896.834840 19.572574 2.679247 2.627413 -0.113303 0.661162 -0.224356
-1 1478511896.845051 19.570447 2.58918 2.617711 -0.111977 0.661045 -0.217658
-1 1478511896.854859 19.569208 2.455642 2.646127 -0.10907 0.662866 -0.213053
-1 1478511896.864979 19.595978 2.367617 2.692959 -0.106566 0.665584 -0.21183
-1 1478511896.874969 19.524074 2.33475 2.720231 -0.106265 0.666139 -0.208823
-1 1478511896.885186 19.474184 2.308101 2.684674 -0.105879 0.665225 -0.204143
-1 1478511896.895585 19.506682 2.278663 2.716057 -0.105547 0.666638 -0.201771
-1 1478511896.905293 19.520679 2.217549 2.682544 -0.103168 0.668572 -0.202288
-1 1478511896.915218 19.641297 2.231462 2.663633 -0.101607 0.669566 -0.210369
-1 1478511896.925323 19.75602 2.269269 2.66024 -0.101793 0.668903 -0.218031
-1 1478511896.935369 19.791857 2.320343 2.588575 -0.103537 0.666349 -0.221802
-1 1478511896.945823 19.768915 2.36959 2.528117 -0.106074 0.665344 -0.223418
-1 1478511896.955720 19.662062 2.360784 2.531885 -0.106587 0.665735 -0.223029
-1 1478511896.965612 19.601176 2.389402 2.53481 -0.107096 0.666152 -0.223947
-1 1478511896.975750 19.577409 2.445956 2.467591 -0.10819 0.666113 -0.223739
-1 1478511896.985621 19.550008 2.503881 2.559552 -0.109269 0.665823 -0.223757
-1 1478511896.995898 19.544405 2.535603 2.606565 -0.108915 0.667131 -0.22268
-1 1478511897.005777 19.583794 2.545673 2.60803 -0.107342 0.670803 -0.222197
-1 1478511897.015860 19.592382 2.539402 2.676506 -0.106983 0.673845 -0.222045
-1 1478511897.025921 19.62838 2.520374 2.646982 -0.107245 0.674622 -0.222837
-1 1478511897.035970 19.710132 2.501462 2.622467 -0.107665 0.67328 -0.224272
-1 1478511897.046310 19.748249 2.456118 2.581664 -0.108007 0.671271 -0.222769
-1 1478511897.056087 19.698765 2.414719 2.566354 -0.10824 0.668476 -0.219178
-1 1478511897.066171 19.603646 2.390737 2.503812 -0.108499 0.665208 -0.213905
-1 1478511897.076242 19.515744 2.357076 2.515934 -0.107608 0.662281 -0.209898
-1 1478511897.086299 19.44223 2.32155 2.557483 -0.105888 0.661709 -0.208282
-1 1478511897.096576 19.461701 2.29625 2.606166 -0.103701 0.666581 -0.210043
-1 1478511897.106378 19.532137 2.304016 2.787573 -0.101588 0.673509 -0.214455
-1 1478511897.116543 19.620439 2.290513 2.83249 -0.099196 0.676147 -0.218817
-1 1478511897.126573 19.631557 2.332504 2.812883 -0.099717 0.671154 -0.22287
-1 1478511897.136548 19.642176 2.407287 2.730973 -0.102897 0.665384 -0.224249
-1 1478511897.146982 19.637981 2.411595 2.640139 -0.104858 0.663836 -0.223113
-1 1478511897.156601 19.640385 2.393375 2.591415 -0.105434 0.664156 -0.222516
-1 1478511897.166665 19.58688 2.387735 2.629611 -0.105709 0.663468 -0.219617
-1 1478511897.176703 19.513849 2.389178 2.61567 -0.106029 0.66402 -0.215916
-1 1478511897.186945 19.496375 2.409204 2.69213 -0.105644 0.666987 -0.216063
-1 1478511897.197125 19.467333 2.396292 2.773877 -0.103633 0.671136 -0.215347
-1 1478511897.206938 19.460223 2.396253 2.793531 -0.10174 0.675182 -0.216996
-1 1478511897.216950 19.47532 2.413231 2.811099 -0.101118 0.679284 -0.219572
-1 1478511897.227035 19.543943 2.412492 2.80511 -0.10134 0.681485 -0.221119
-1 1478511897.237110 19.584367 2.432672 2.769863 -0.102864 0.679664 -0.221421
-1 1478511897.247859 19.64157 2.404681 2.730875 -0.103607 0.678126 -0.219109
-1 1478511897.257365 19.683525 2.409244 2.673137 -0.104417 0.677207 -0.219359
-1 1478511897.267623 19.670398 2.344365 2.696199 -0.103675 0.67767 -0.217911
-1 1478511897.277478 19.649845 2.350102 2.617932 -0.103781 0.67796 -0.218642
-1 1478511897.287831 19.601506 2.355313 2.675372 -0.103621 0.678657 -0.219261
-1 1478511897.297757 19.55121 2.37146 2.722114 -0.103217 0.680288 -0.220276
-1 1478511897.307836 19.555341 2.390852 2.738617 -0.102625 0.683172 -0.222286
-1 1478511897.317694 19.550581 2.416398 2.753571 -0.10308 0.683564 -0.223321
-1 1478511897.327830 19.506243 2.44198 2.728593 -0.104789 0.680386 -0.222237
-1 1478511897.338036 19.499803 2.44898 2.685564 -0.106127 0.67754 -0.220848
-1 1478511897.348518 19.534796 2.436602 2.667083 -0.106727 0.676143 -0.219289
-1 1478511897.358120 19.583235 2.389886 2.606482 -0.106329 0.675937 -0.217001
-1 1478511897.368393 19.605195 2.379721 2.568173 -0.106814 0.675767 -0.216714
-1 1478511897.378208 19.593215 2.361201 2.582238 -0.106701 0.674951 -0.214579
-1 1478511897.388729 19.559357 2.346282 2.641983 -0.106191 0.673741 -0.211494
-1 1478511897.398924 19.520855 2.378587 2.67059 -0.106222 0.673276 -0.211486
-1 1478511897.408406 19.506067 2.400844 2.680223 -0.105716 0.674815 -0.212882
-1 1478511897.418401 19.521645 2.429079 2.707214 -0.106111 0.677064 -0.214969
-1 1478511897.428450 19.555435 2.424612 2.693302 -0.105337 0.677076 -0.216225
-1 1478511897.439514 19.567856 2.449971 2.701495 -0.104615 0.675352 -0.219267
-1 1478511897.448855 19.616311 2.410093 2.67885 -0.103981 0.675831 -0.219947
-1 1478511897.458919 19.601195 2.389947 2.674305 -0.104325 0.675245 -0.21951
-1 1478511897.468864 19.612052 2.393591 2.661918 -0.1044 0.67518 -0.220284
-1 1478511897.478723 19.682499 2.435605 2.612918 -0.105377 0.675331 -0.223926
-1 1478511897.489194 19.680626 2.436336 2.603961 -0.105719 0.673202 -0.224765
-1 1478511897.499105 19.640136 2.438245 2.612683 -0.105779 0.671848 -0.225756
-1 1478511897.508929 19.591853 2.42041 2.611258 -0.105527 0.672809 -0.22452
-1 1478511897.519115 19.556304 2.446726 2.60207 -0.106396 0.67287 -0.222936
-1 1478511897.529071 19.574556 2.436256 2.603495 -0.107052 0.673609 -0.220358
-1 1478511897.539681 19.598107 2.44542 2.585546 -0.107661 0.674454 -0.219521
-1 1478511897.549522 19.644669 2.423879 2.634192 -0.107142 0.676091 -0.21893
-1 1478511897.559401 19.698796 2.417453 2.624506 -0.10687 0.67711 -0.218216
-1 1478511897.569492 19.636532 2.385673 2.662631 -0.106113 0.67516 -0.215047
-1 1478511897.579636 19.606395 2.38185 2.617866 -0.10614 0.673862 -0.213493
-1 1478511897.589673 19.616858 2.357603 2.592897 -0.10635 0.676183 -0.213311
-1 1478511897.600093 19.59537 2.370879 2.618604 -0.107083 0.677374 -0.213833
-1 1478511897.609528 19.611043 2.363587 2.55975 -0.105967 0.677964 -0.213629
-1 1478511897.619651 19.615834 2.342488 2.636627 -0.104374 0.678731 -0.215286
-1 1478511897.629667 19.624177 2.335331 2.64271 -0.103556 0.677596 -0.21648
-1 1478511897.640098 19.698343 2.369085 2.591342 -0.103264 0.677347 -0.219959
-1 1478511897.650454 19.691976 2.395062 2.6884 -0.103492 0.677163 -0.221575
-1 1478511897.660082 19.692327 2.426559 2.661144 -0.10464 0.676185 -0.223178
-1 1478511897.670382 19.706265 2.437245 2.604918 -0.104844 0.676281 -0.225838
-1 1478511897.680133 19.686933 2.453507 2.606483 -0.105713 0.676149 -0.227314
-1 1478511897.690418 19.675105 2.474195 2.497828 -0.107056 0.677082 -0.226432
-1 1478511897.700433 19.661604 2.483211 2.571965 -0.107653 0.678502 -0.22658
-1 1478511897.710271 19.625108 2.47416 2.596569 -0.107823 0.678444 -0.224625
-1 1478511897.720476 19.535957 2.44544 2.625932 -0.107872 0.678047 -0.21946
-1 1478511897.730309 19.456964 2.388011 2.665357 -0.10665 0.679994 -0.214734
-1 1478511897.740696 19.468003 2.337253 2.719737 -0.104832 0.683055 -0.211857
-1 1478511897.750774 19.565776 2.324252 2.766098 -0.104013 0.6825 -0.210378
-1 1478511897.760526 19.64372 2.3845 2.720402 -0.105156 0.679571 -0.213359
-1 1478511897.770617 19.696401 2.436212 2.634117 -0.106706 0.676758 -0.217605
-1 1478511897.780857 19.695634 2.449332 2.582025 -0.107319 0.674762 -0.220817
-1 1478511897.791019 19.657874 2.421985 2.577169 -0.105934 0.674309 -0.222309
-1 1478511897.801187 19.609019 2.400994 2.587029 -0.105103 0.674504 -0.221463
-1 1478511897.810953 19.574498 2.398336 2.58341 -0.105843 0.676622 -0.221511
-1 1478511897.821045 19.53533 2.412652 2.603612 -0.106181 0.679075 -0.222992
-1 1478511897.831277 19.516756 2.455532 2.652815 -0.105897 0.680527 -0.225919
-1 1478511897.841443 19.48306 2.479688 2.665368 -0.105024 0.680751 -0.225445
-1 1478511897.851595 19.474255 2.51951 2.751948 -0.105203 0.680047 -0.226278
-1 1478511897.861352 19.483348 2.539878 2.761635 -0.105907 0.678404 -0.227041
-1 1478511897.871417 19.485699 2.607752 2.69983 -0.108259 0.675612 -0.22715
-1 1478511897.881459 19.514252 2.638114 2.697673 -0.110281 0.673048 -0.225385
-1 1478511897.891875 19.544605 2.586677 2.562947 -0.110502 0.671659 -0.220846
-1 1478511897.901912 19.497184 2.503752 2.603143 -0.109546 0.6709 -0.216021
-1 1478511897.911579 19.419105 2.432421 2.612075 -0.107994 0.671524 -0.211633
-1 1478511897.921620 19.38062 2.362298 2.656716 -0.106325 0.673693 -0.208396
-1 1478511897.931804 19.380492 2.311463 2.709484 -0.104969 0.675304 -0.206977
-1 1478511897.942269 19.426476 2.299129 2.753103 -0.103923 0.677501 -0.207723
-1 1478511897.951966 19.500408 2.321178 2.770389 -0.103316 0.6802 -0.210781
-1 1478511897.961834 19.576018 2.33633 2.759963 -0.103011 0.68062 -0.213951
-1 1478511897.971915 19.604844 2.373606 2.726649 -0.103966 0.67776 -0.216151
-1 1478511897.982037 19.610329 2.422642 2.647567 -0.105513 0.673938 -0.217281
-1 1478511897.992296 19.614589 2.436188 2.635931 -0.106886 0.672058 -0.216551
-1 1478511898.002366 19.614135 2.439023 2.610871 -0.107451 0.67292 -0.216943
-1 1478511898.012202 19.602883 2.437536 2.613081 -0.106974 0.674298 -0.21924
-1 1478511898.022219 19.589841 2.446432 2.6273 -0.106554 0.675647 -0.221814
-1 1478511898.032459 19.561145 2.472646 2.637188 -0.106724 0.676102 -0.223531
-1 1478511898.042532 19.51324 2.495818 2.600423 -0.10715 0.675929 -0.223893
-1 1478511898.052782 19.493402 2.516416 2.628581 -0.107485 0.676252 -0.225208
-1 1478511898.062583 19.534705 2.508885 2.564995 -0.107308 0.676884 -0.226065
-1 1478511898.072632 19.563202 2.501727 2.610978 -0.107708 0.677431 -0.226401
-1 1478511898.082789 19.588757 2.511782 2.606445 -0.10828 0.675988 -0.225004
-1 1478511898.093044 19.590161 2.476224 2.612136 -0.107562 0.674949 -0.221449
-1 1478511898.102862 19.609597 2.423096 2.615427 -0.106679 0.675697 -0.21815
-1 1478511898.112930 19.607778 2.376196 2.625407 -0.105805 0.675497 -0.215513
-1 1478511898.122848 19.59093 2.334006 2.623903 -0.104909 0.675614 -0.214025
-1 1478511898.133028 19.578718 2.299585 2.647344 -0.104103 0.676593 -0.214035
-1 1478511898.143387 19.595766 2.29689 2.578761 -0.10339 0.677561 -0.214451
-1 1478511898.153210 19.596107 2.320302 2.656685 -0.103798 0.679005 -0.215487
-1 1478511898.163247 19.637055 2.344668 2.59732 -0.104035 0.680524 -0.217389
-1 1478511898.173103 19.646822 2.356539 2.652146 -0.103655 0.681339 -0.221025
-1 1478511898.183229 19.652821 2.37942 2.615689 -0.103514 0.68075 -0.223515
-1 1478511898.193615 19.688018 2.424599 2.671101 -0.104517 0.680859 -0.225839
-1 1478511898.203625 19.69039 2.432071 2.658098 -0.104148 0.680919 -0.226326
-1 1478511898.213385 19.712795 2.446281 2.650528 -0.104038 0.681034 -0.228963
-1 1478511898.223676 19.735864 2.436819 2.625451 -0.103931 0.68155 -0.231102
-1 1478511898.233514 19.683847 2.468345 2.642096 -0.104777 0.680543 -0.232025
-1 1478511898.243910 19.670112 2.495173 2.606041 -0.105678 0.679897 -0.231349
-1 1478511898.253723 19.639873 2.456844 2.571154 -0.105101 0.680215 -0.227451
-1 1478511898.263839 19.627499 2.469091 2.63725 -0.105285 0.68018 -0.226314
-1 1478511898.273723 19.638469 2.465264 2.722481 -0.104858 0.680774 -0.223874
-1 1478511898.283878 19.632943 2.444246 2.733968 -0.104675 0.681778 -0.220591
-1 1478511898.294115 19.609608 2.41744 2.66125 -0.104505 0.680794 -0.217708
-1 1478511898.304209 19.586866 2.384749 2.647838 -0.103782 0.678381 -0.216273
-1 1478511898.314087 19.549048 2.345247 2.691786 -0.102709 0.676348 -0.216177
-1 1478511898.324077 19.522602 2.320208 2.672044 -0.102365 0.675629 -0.215812
-1 1478511898.334064 19.520207 2.314884 2.658365 -0.102619 0.67679 -0.215584
-1 1478511898.344536 19.528394 2.317194 2.657425 -0.102756 0.678319 -0.215756
-1 1478511898.354153 19.58903 2.311166 2.676451 -0.102084 0.680393 -0.217533
-1 1478511898.364346 19.551561 2.319496 2.711876 -0.100903 0.680247 -0.21922
-1 1478511898.374298 19.553781 2.336961 2.741779 -0.100093 0.680325 -0.221665
-1 1478511898.384224 19.597168 2.370962 2.744438 -0.100554 0.681997 -0.224548
-1 1478511898.394748 19.638615 2.41087 2.661285 -0.10191 0.683146 -0.226025
-1 1478511898.404521 19.635129 2.442038 2.709946 -0.102947 0.68186 -0.227369
-1 1478511898.414490 19.655942 2.449165 2.708233 -0.103338 0.68097 -0.22763
-1 1478511898.424573 19.671452 2.491936 2.635066 -0.104969 0.680428 -0.227023
-1 1478511898.434972 19.663245 2.497038 2.679165 -0.106205 0.681141 -0.225585
-1 1478511898.444829 19.663762 2.490173 2.688253 -0.106425 0.682176 -0.223383
-1 1478511898.454883 19.656424 2.46904 2.666405 -0.105663 0.682002 -0.220829
-1 1478511898.464793 19.629039 2.449783 2.76012 -0.104927 0.682504 -0.219059
-1 1478511898.475235 19.624447 2.441376 2.786148 -0.10392 0.683471 -0.217869
-1 1478511898.485252 19.599717 2.400229 2.785604 -0.102227 0.684725 -0.218059
-1 1478511898.495498 19.569585 2.354478 2.753109 -0.101001 0.686123 -0.219048
-1 1478511898.505390 19.623676 2.328022 2.733556 -0.100493 0.687996 -0.221018
-1 1478511898.515388 19.747372 2.309136 2.636486 -0.100065 0.687681 -0.22315
-1 1478511898.525404 19.764755 2.286065 2.703857 -0.1003 0.684399 -0.22276
-1 1478511898.535727 19.70743 2.290491 2.631063 -0.100747 0.680888 -0.219721
-1 1478511898.546416 19.618139 2.355496 2.667913 -0.102084 0.67996 -0.220607
-1 1478511898.804284 19.605672 2.35518 2.612845 -0.102429 0.681486 -0.220856
-1 1478511898.806078 19.655696 2.389566 2.578312 -0.103186 0.679524 -0.221684
-1 1478511898.816050 19.703005 2.348324 2.607871 -0.104115 0.676475 -0.220109
