-1 1478511891.148992 -13.320458 -3.704862 2.951507 0.309345 -0.329318 0.74304
-1 1478511891.158328 -13.289072 -3.702234 2.970914 0.310559 -0.325986 0.74094
-1 1478511891.168397 -13.286163 -3.708497 2.846252 0.306039 -0.321907 0.741073
-1 1478511891.178449 -13.266837 -3.707488 2.783761 0.303961 -0.320218 0.740007
-1 1478511891.189092 -13.273964 -3.694093 2.788295 0.303792 -0.31963 0.740324
-1 1478511891.199309 -13.293723 -3.687298 2.827834 0.304881 -0.320366 0.740711
-1 1478511891.208528 -13.276563 -3.640076 2.868078 0.305668 -0.321293 0.741288
-1 1478511891.218785 -13.21675 -3.655954 2.871353 0.306274 -0.321732 0.741036
-1 1478511891.228759 -13.17015 -3.658526 2.918427 0.308631 -0.322627 0.741253
-1 1478511891.239078 -13.193856 -3.651361 2.926758 0.308773 -0.325145 0.743707
-1 1478511891.249123 -13.247113 -3.643292 2.917133 0.308057 -0.327043 0.746299
-1 1478511891.258951 -13.255309 -3.602491 2.889714 0.306456 -0.326355 0.745989
-1 1478511891.269099 -13.268017 -3.597458 2.784934 0.30289 -0.324532 0.746124
-1 1478511891.279111 -13.281605 -3.62159 2.767172 0.30344 -0.321609 0.746784
-1 1478511891.289458 -13.238673 -3.667428 2.751428 0.303973 -0.319053 0.744689
-1 1478511891.299480 -13.143126 -3.65612 2.726359 0.302888 -0.317745 0.741393
-1 1478511891.309196 -13.059259 -3.681638 2.698162 0.301378 -0.318337 0.73681
-1 1478511891.319270 -13.027988 -3.671791 2.733875 0.301826 -0.319654 0.73554
-1 1478511891.329302 -13.039985 -3.681053 2.796601 0.303711 -0.320906 0.73552
-1 1478511891.339791 -13.092567 -3.688801 2.846641 0.305344 -0.322679 0.73611
-1 1478511891.349562 -13.147259 -3.69217 2.819123 0.304408 -0.323546 0.737606
-1 1478511891.359570 -13.192089 -3.695036 2.800303 0.303861 -0.323799 0.73863
-1 1478511891.369671 -13.212693 -3.716671 2.797696 0.304221 -0.323546 0.737735
-1 1478511891.379610 -13.219525 -3.714924 2.745285 0.302594 -0.32196 0.737964
-1 1478511891.390341 -13.228664 -3.705963 2.794207 0.304759 -0.32144 0.73744
-1 1478511891.399975 -13.25189 -3.692702 2.745386 0.302413 -0.32113 0.739501
-1 1478511891.409764 -13.222902 -3.679828 2.744442 0.301976 -0.320874 0.739823
-1 1478511891.420115 -13.178822 -3.674962 2.833058 0.30562 -0.321189 0.739395
-1 1478511891.429935 -13.18394 -3.660174 2.830421 0.305191 -0.322974 0.740946
-1 1478511891.440284 -13.198807 -3.616537 2.801935 0.303458 -0.325329 0.743352
-1 1478511891.450344 -13.20324 -3.623628 2.82483 0.304734 -0.32634 0.743278
-1 1478511891.460189 -13.261642 -3.613254 2.8146 0.304508 -0.326565 0.745923
-1 1478511891.470393 -13.328555 -3.599907 2.822695 0.305095 -0.325795 0.748898
-1 1478511891.480382 -13.346316 -3.615375 2.828993 0.30631 -0.323824 0.749898
-1 1478511891.490658 -13.342969 -3.637392 2.835694 0.307576 -0.322552 0.750477
-1 1478511891.500749 -13.318326 -3.65039 2.84876 0.308187 -0.322124 0.748981
-1 1478511891.510511 -13.298731 -3.659193 2.763581 0.30471 -0.32179 0.747809
-1 1478511891.520536 -13.270501 -3.675007 2.819745 0.307098 -0.322237 0.744326
-1 1478511891.530747 -13.237378 -3.708474 2.821049 0.307562 -0.322911 0.742208
-1 1478511891.541003 -13.197439 -3.685596 2.805465 0.306559 -0.32349 0.741425
-1 1478511891.551004 -13.168587 -3.674293 2.801394 0.305841 -0.323906 0.739245
-1 1478511891.560786 -13.174443 -3.695322 2.787314 0.305337 -0.324413 0.738449
-1 1478511891.570934 -13.181231 -3.69466 2.803579 0.305994 -0.324797 0.738339
-1 1478511891.581035 -13.180547 -3.692071 2.776194 0.304452 -0.324127 0.737988
-1 1478511891.591401 -13.18672 -3.665272 2.778205 0.304017 -0.32301 0.738973
-1 1478511891.601351 -13.188887 -3.66152 2.765373 0.303775 -0.322932 0.739851
-1 1478511891.611176 -13.167712 -3.658707 2.724528 0.302378 -0.322435 0.739644
-1 1478511891.621287 -13.153326 -3.668584 2.718291 0.302393 -0.32276 0.738575
-1 1478511891.631303 -13.178933 -3.655984 2.751273 0.303607 -0.324355 0.740519
-1 1478511891.641627 -13.217132 -3.644046 2.796704 0.304786 -0.326067 0.742878
-1 1478511891.651662 -13.268861 -3.60951 2.827929 0.305041 -0.32804 0.745751
-1 1478511891.661490 -13.305958 -3.61462 2.846488 0.305877 -0.329484 0.746602
-1 1478511891.671736 -13.314243 -3.585991 2.848315 0.305488 -0.329696 0.746718
-1 1478511891.681550 -13.319347 -3.583915 2.818965 0.304202 -0.329488 0.746759
-1 1478511891.692065 -13.295671 -3.58787 2.827629 0.30459 -0.327633 0.745128
-1 1478511891.702076 -13.253341 -3.612 2.819723 0.30435 -0.325547 0.740939
-1 1478511891.711874 -13.234643 -3.630345 2.782278 0.303308 -0.323757 0.740027
-1 1478511891.721847 -13.202826 -3.668733 2.783156 0.304522 -0.322384 0.739512
-1 1478511891.732075 -13.175769 -3.671313 2.787098 0.304962 -0.321346 0.739073
-1 1478511891.742155 -13.143127 -3.706445 2.788443 0.305619 -0.320818 0.737094
-1 1478511891.752479 -13.156643 -3.68886 2.813457 0.306134 -0.322273 0.738067
-1 1478511891.762282 -13.181132 -3.693964 2.876378 0.307844 -0.32325 0.737024
-1 1478511891.772081 -13.157513 -3.680848 2.921317 0.308733 -0.322127 0.735418
-1 1478511891.782216 -13.167522 -3.658129 2.844376 0.30536 -0.320188 0.73834
-1 1478511891.792588 -13.20867 -3.654132 2.850185 0.305627 -0.318788 0.739917
-1 1478511891.802524 -13.230846 -3.664749 2.89253 0.307119 -0.319457 0.739001
-1 1478511891.812505 -13.210865 -3.646713 2.812871 0.304207 -0.31996 0.740854
-1 1478511891.822468 -13.139757 -3.659915 2.789847 0.30406 -0.319434 0.739247
-1 1478511891.832502 -13.092888 -3.633623 2.826628 0.305029 -0.31977 0.737902
-1 1478511891.842742 -13.117847 -3.592063 2.826248 0.303928 -0.32111 0.740285
-1 1478511891.852887 -13.147616 -3.581745 2.839967 0.303916 -0.321453 0.742268
-1 1478511891.862852 -13.139792 -3.600797 2.873725 0.30546 -0.321677 0.741098
-1 1478511891.872935 -13.122426 -3.577309 2.860097 0.304456 -0.321462 0.740765
-1 1478511891.882908 -13.110821 -3.60811 2.880899 0.305539 -0.321868 0.738079
-1 1478511891.893069 -13.150661 -3.617645 2.821017 0.304089 -0.322083 0.741356
-1 1478511891.903239 -13.183851 -3.65325 2.839924 0.305901 -0.323065 0.742256
-1 1478511891.913061 -13.272796 -3.624279 2.814819 0.304164 -0.325132 0.74573
-1 1478511891.923154 -13.356094 -3.624989 2.842214 0.304899 -0.327636 0.74646
-1 1478511891.933199 -13.357499 -3.660286 2.889335 0.307436 -0.328015 0.743159
-1 1478511891.943483 -13.32798 -3.660382 2.842074 0.30612 -0.326682 0.74217
-1 1478511891.953297 -13.303236 -3.708451 2.835153 0.307037 -0.326187 0.740998
-1 1478511891.963585 -13.301731 -3.699073 2.866337 0.308297 -0.325312 0.742178
-1 1478511891.973651 -13.345938 -3.704347 2.834859 0.306644 -0.326176 0.743041
-1 1478511891.983531 -13.338768 -3.7168 2.823991 0.306115 -0.326857 0.741857
-1 1478511891.994006 -13.322446 -3.715257 2.903502 0.308807 -0.326154 0.740442
-1 1478511892.003491 -13.299915 -3.707106 2.888876 0.307325 -0.32601 0.74008
-1 1478511892.013731 -13.295464 -3.677722 2.847718 0.305431 -0.325903 0.741942
-1 1478511892.023701 -13.295697 -3.683856 2.800631 0.304331 -0.325566 0.74298
-1 1478511892.033688 -13.288618 -3.657952 2.801617 0.304619 -0.326859 0.743735
-1 1478511892.044109 -13.329838 -3.617712 2.740656 0.301928 -0.328956 0.748334
-1 1478511892.053841 -13.388684 -3.591488 2.784752 0.302929 -0.330217 0.750944
-1 1478511892.063900 -13.400058 -3.614992 2.872729 0.307404 -0.328828 0.751853
-1 1478511892.073996 -13.37149 -3.601658 2.843123 0.306627 -0.326922 0.753929
-1 1478511892.084001 -13.335311 -3.621661 2.86347 0.307302 -0.327816 0.7509
-1 1478511892.094269 -13.365052 -3.60662 2.842719 0.305909 -0.328308 0.75238
-1 1478511892.104141 -13.400223 -3.629025 2.865774 0.306598 -0.328386 0.752016
-1 1478511892.114123 -13.42441 -3.620961 2.905636 0.308451 -0.327373 0.752689
-1 1478511892.124406 -13.425909 -3.671831 2.9186 0.310503 -0.325507 0.751978
-1 1478511892.134352 -13.393057 -3.684993 2.853409 0.308507 -0.323345 0.751011
-1 1478511892.144644 -13.342513 -3.722432 2.810399 0.307532 -0.323196 0.746311
-1 1478511892.154285 -13.262843 -3.715619 2.818728 0.30793 -0.323406 0.741566
-1 1478511892.164395 -13.248818 -3.722007 2.745573 0.304525 -0.324727 0.740947
-1 1478511892.174534 -13.301117 -3.736178 2.77859 0.305826 -0.32631 0.742496
-1 1478511892.184673 -13.298383 -3.76583 2.796694 0.307084 -0.32573 0.742066
-1 1478511892.194907 -13.242733 -3.739095 2.77702 0.305956 -0.324845 0.7411
-1 1478511892.204652 -13.182818 -3.728991 2.813459 0.307151 -0.323389 0.738919
-1 1478511892.214871 -13.201771 -3.703649 2.805407 0.305808 -0.32222 0.740384
-1 1478511892.224856 -13.248768 -3.699149 2.791828 0.304888 -0.322987 0.742064
-1 1478511892.234867 -13.254954 -3.676169 2.791009 0.304654 -0.322558 0.742788
-1 1478511892.245252 -13.22518 -3.649822 2.826794 0.305777 -0.322064 0.742177
-1 1478511892.254919 -13.207786 -3.619619 2.772876 0.303268 -0.322585 0.743763
-1 1478511892.265041 -13.231315 -3.601253 2.779373 0.303224 -0.323098 0.745316
-1 1478511892.275316 -13.269376 -3.565853 2.810803 0.304252 -0.323272 0.747007
-1 1478511892.285201 -13.293345 -3.574541 2.797472 0.304601 -0.32291 0.748833
-1 1478511892.295636 -13.276303 -3.620356 2.819998 0.306533 -0.321997 0.74873
-1 1478511892.305355 -13.2199 -3.628622 2.853992 0.307392 -0.321506 0.745434
-1 1478511892.315459 -13.191203 -3.631346 2.893149 0.308015 -0.322815 0.741666
-1 1478511892.325594 -13.217439 -3.621125 2.899044 0.307746 -0.323604 0.74171
-1 1478511892.335459 -13.271933 -3.635262 2.869248 0.3071 -0.324621 0.743559
-1 1478511892.345789 -13.330172 -3.670611 2.878647 0.308171 -0.324992 0.745119
-1 1478511892.355815 -13.344766 -3.661162 2.895967 0.308836 -0.32267 0.745956
-1 1478511892.365689 -13.320029 -3.681839 2.846258 0.307377 -0.320317 0.744399
-1 1478511892.375792 -13.299618 -3.675256 2.829088 0.30717 -0.319539 0.744021
-1 1478511892.385899 -13.287995 -3.685594 2.781107 0.305501 -0.321648 0.743695
-1 1478511892.396173 -13.270343 -3.710908 2.816003 0.306425 -0.324174 0.740963
-1 1478511892.405912 -13.289284 -3.716269 2.86401 0.307394 -0.325344 0.740953
-1 1478511892.416107 -13.300115 -3.692043 2.899516 0.307904 -0.325468 0.742294
-1 1478511892.426160 -13.248686 -3.679391 2.903821 0.308093 -0.324937 0.741583
-1 1478511892.436166 -13.223972 -3.657743 2.893295 0.307446 -0.324962 0.742934
-1 1478511892.446627 -13.251165 -3.652631 2.919102 0.307868 -0.32562 0.74465
-1 1478511892.456158 -13.299894 -3.601188 2.902912 0.306109 -0.326035 0.747354
-1 1478511892.466326 -13.337965 -3.576156 2.878951 0.304752 -0.326047 0.748093
-1 1478511892.476397 -13.341876 -3.572324 2.861375 0.304575 -0.325369 0.74866
-1 1478511892.486282 -13.268025 -3.618824 2.853666 0.306332 -0.324174 0.746958
-1 1478511892.496717 -13.197142 -3.649255 2.790994 0.305465 -0.323463 0.74625
-1 1478511892.506530 -13.159405 -3.661824 2.754299 0.304172 -0.324539 0.743898
-1 1478511892.516472 -13.170221 -3.638976 2.765079 0.303497 -0.326251 0.742627
-1 1478511892.526611 -13.190345 -3.652017 2.753401 0.302497 -0.328507 0.741104
-1 1478511892.536638 -13.170855 -3.62243 2.758091 0.302283 -0.32916 0.739733
-1 1478511892.546886 -13.142463 -3.622457 2.729892 0.301372 -0.327419 0.738623
-1 1478511892.556809 -13.12667 -3.627706 2.740753 0.301477 -0.326605 0.736122
-1 1478511892.566794 -13.163726 -3.670993 2.760054 0.302662 -0.327463 0.73535
-1 1478511892.576970 -13.226587 -3.71768 2.758445 0.303858 -0.328186 0.737479
-1 1478511892.587065 -13.260115 -3.746649 2.759219 0.304858 -0.327826 0.737911
-1 1478511892.597458 -13.262481 -3.730871 2.75135 0.304326 -0.326555 0.737521
-1 1478511892.607653 -13.226558 -3.741702 2.769635 0.305057 -0.326127 0.734747
-1 1478511892.617296 -13.18445 -3.719873 2.74596 0.30396 -0.325588 0.734506
-1 1478511892.627736 -13.128276 -3.668093 2.730846 0.302909 -0.325687 0.735375
-1 1478511892.637669 -13.098423 -3.635921 2.731838 0.302398 -0.326018 0.737216
-1 1478511892.647900 -13.108576 -3.630785 2.750672 0.302751 -0.326536 0.738909
-1 1478511892.657494 -13.124806 -3.612462 2.789526 0.304427 -0.325537 0.741148
-1 1478511892.667603 -13.176142 -3.610436 2.790961 0.304783 -0.323252 0.744703
-1 1478511892.677683 -13.23459 -3.590709 2.780987 0.304148 -0.322041 0.747961
-1 1478511892.688134 -13.24529 -3.596902 2.777778 0.304368 -0.321218 0.748566
-1 1478511892.698382 -13.262747 -3.607504 2.773188 0.30449 -0.320871 0.749816
-1 1478511892.707760 -13.28666 -3.629353 2.792169 0.305269 -0.321151 0.74941
-1 1478511892.717658 -13.279666 -3.631066 2.816911 0.305988 -0.321884 0.748118
-1 1478511892.727966 -13.269609 -3.636513 2.785178 0.304487 -0.322807 0.747777
-1 1478511892.738364 -13.260185 -3.620737 2.815417 0.30484 -0.322628 0.746489
-1 1478511892.748179 -13.246071 -3.640256 2.869559 0.306316 -0.32328 0.742476
-1 1478511892.758025 -13.271802 -3.647321 2.885147 0.306003 -0.324293 0.740277
-1 1478511892.768150 -13.328385 -3.674295 2.831458 0.303738 -0.324617 0.740805
-1 1478511892.778270 -13.332408 -3.686997 2.881346 0.306274 -0.323336 0.73941
-1 1478511892.788901 -13.318715 -3.731418 2.851104 0.306358 -0.321201 0.738606
-1 1478511892.798846 -13.27242 -3.745155 2.84071 0.306911 -0.320537 0.738011
-1 1478511892.808265 -13.222844 -3.732279 2.808064 0.306046 -0.321544 0.73773
-1 1478511892.818484 -13.202547 -3.708742 2.851377 0.307736 -0.323628 0.738188
-1 1478511892.828344 -13.227557 -3.669582 2.882203 0.308416 -0.325246 0.742382
-1 1478511892.838885 -13.264427 -3.659158 2.861554 0.306978 -0.326738 0.74612
-1 1478511892.848850 -13.305214 -3.622576 2.89295 0.3073 -0.327688 0.749153
-1 1478511892.858803 -13.31976 -3.593613 2.916019 0.307761 -0.327451 0.750198
-1 1478511892.868810 -13.313025 -3.558293 2.872397 0.305663 -0.326841 0.751
-1 1478511892.878835 -13.325575 -3.545177 2.825472 0.303312 -0.325297 0.751674
-1 1478511892.889303 -13.354274 -3.571442 2.845407 0.304381 -0.324225 0.751929
-1 1478511892.899558 -13.40696 -3.572475 2.822537 0.30352 -0.324225 0.75417
-1 1478511892.909116 -13.406071 -3.613574 2.81718 0.303717 -0.324859 0.751079
-1 1478511892.919252 -13.356879 -3.621888 2.788053 0.303055 -0.325112 0.749248
-1 1478511892.929257 -13.27395 -3.640047 2.782799 0.303299 -0.324202 0.745872
-1 1478511892.939722 -13.204648 -3.669332 2.818205 0.304965 -0.324553 0.741123
-1 1478511892.949699 -13.201942 -3.65806 2.812319 0.304074 -0.325583 0.740077
-1 1478511892.959560 -13.229423 -3.698963 2.873773 0.306028 -0.325913 0.736673
-1 1478511892.969666 -13.325715 -3.74198 2.878419 0.304344 -0.322847 0.736118
-1 1478511892.979688 -13.525669 -3.887788 3.039023 0.307438 -0.31369 0.731511
-1 1478511892.990018 -13.910827 -4.096816 3.13651 0.306748 -0.29151 0.730555
-1 1478511892.999819 -14.333571 -4.257668 2.964228 0.294899 -0.252507 0.731169
-1 1478511893.009737 -14.735148 -4.268903 2.432017 0.271774 -0.192712 0.735279
-1 1478511893.019867 -15.126191 -4.207043 1.627275 0.244025 -0.109071 0.745311
-1 1478511893.029774 -15.478771 -4.189247 0.62284 0.212591 -0.008433 0.755091
-1 1478511893.040275 -15.795229 -4.360566 -0.480977 0.180937 0.095293 0.753316
-1 1478511893.050111 -16.014405 -4.654278 -1.726236 0.146633 0.193665 0.742149
-1 1478511893.060030 -16.142657 -4.946267 -2.819797 0.115933 0.283608 0.725677
-1 1478511893.070167 -16.137005 -5.283288 -3.895885 0.087091 0.362677 0.70769
-1 1478511893.080190 -15.984031 -5.630392 -4.690309 0.069652 0.43472 0.687628
-1 1478511893.090614 -15.698548 -6.044269 -5.350332 0.057613 0.496397 0.663931
-1 1478511893.100596 -15.462619 -6.379695 -5.910053 0.047876 0.546975 0.652831
-1 1478511893.110413 -15.098501 -6.61946 -6.497914 0.037103 0.600051 0.652137
-1 1478511893.120507 -14.699199 -6.70811 -6.937797 0.026582 0.650614 0.654907
-1 1478511893.130564 -14.522225 -6.69622 -7.283018 0.015112 0.692418 0.664054
-1 1478511893.140692 -14.661644 -6.556826 -7.611008 0.00153 0.733185 0.680715
-1 1478511893.150920 -15.030478 -6.388327 -8.142988 -0.019428 0.776515 0.702274
-1 1478511893.160740 -15.580164 -6.208999 -8.740096 -0.04192 0.825962 0.7241
-1 1478511893.170750 -16.080817 -6.110997 -9.314119 -0.060657 0.886564 0.739296
-1 1478511893.180925 -16.459721 -6.146351 -9.962512 -0.079258 0.956244 0.749959
-1 1478511893.191226 -16.726201 -6.287876 -10.741311 -0.101042 1.036955 0.752589
-1 1478511893.201159 -17.04386 -6.449754 -11.572249 -0.125595 1.127212 0.753034
-1 1478511893.211113 -17.415936 -6.634806 -12.572641 -0.156975 1.216883 0.749987
-1 1478511893.221289 -17.920386 -6.813004 -13.581213 -0.18563 1.31346 0.749256
-1 1478511893.231299 -18.327564 -7.006959 -14.769563 -0.216021 1.421993 0.751381
-1 1478511893.241589 -18.804312 -7.173564 -16.013454 -0.24993 1.53484 0.756945
-1 1478511893.251572 -19.261649 -7.40623 -17.248304 -0.284488 1.652811 0.758527
-1 1478511893.261340 -19.640672 -7.684003 -18.447961 -0.319937 1.772322 0.756183
-1 1478511893.271692 -19.64773 -7.999235 -19.882801 -0.362476 1.88938 0.742635
-1 1478511893.281794 -19.781425 -8.40327 -21.005156 -0.395588 2.007493 0.727655
-1 1478511893.292381 -19.893722 -8.868756 -22.11648 -0.430965 2.124849 0.711602
-1 1478511893.302178 -20.063949 -9.316865 -23.266003 -0.470487 2.232804 0.694571
-1 1478511893.312055 -20.271026 -9.755658 -24.432999 -0.508928 2.33607 0.681573
-1 1478511893.322067 -20.495708 -10.170598 -25.559047 -0.546434 2.435684 0.677534
-1 1478511893.332082 -20.851516 -10.555847 -26.468213 -0.578743 2.523522 0.681631
-1 1478511893.342589 -21.037184 -10.873625 -27.542372 -0.61573 2.607557 0.68523
-1 1478511893.352745 -21.562635 -11.093307 -28.441959 -0.650881 2.690919 0.701692
-1 1478511893.362478 -21.764803 -11.281892 -29.445982 -0.686475 2.776263 0.714394
-1 1478511893.372453 -22.014896 -11.455687 -30.26602 -0.717938 2.865009 0.73164
-1 1478511893.382603 -22.025104 -11.476093 -31.222106 -0.757711 2.951308 0.74771
-1 1478511893.392916 -22.251557 -11.476901 -32.074692 -0.797518 3.028824 0.764191
-1 1478511893.402931 -22.575306 -11.457304 -32.901033 -0.838453 3.103585 0.778186
-1 1478511893.412784 -22.839062 -11.538144 -33.812503 -0.880959 3.180873 0.786295
-1 1478511893.422725 -23.48658 -11.716425 -34.491226 -0.917004 3.260213 0.8004
-1 1478511893.432861 -23.920645 -11.91655 -35.411607 -0.960099 3.34097 0.804091
-1 1478511893.443067 -24.223345 -12.17741 -36.314773 -1.001028 3.423952 0.799487
-1 1478511893.453074 -24.495882 -12.432132 -37.195887 -1.04064 3.508647 0.795748
-1 1478511893.463045 -24.766682 -12.675791 -38.095546 -1.080691 3.590874 0.79152
-1 1478511893.472985 -25.060749 -12.86405 -39.011391 -1.120435 3.668935 0.785307
-1 1478511893.483057 -25.139447 -13.059785 -39.994691 -1.1581 3.746346 0.771934
-1 1478511893.493417 -25.25604 -13.312876 -40.795421 -1.185676 3.824214 0.761131
-1 1478511893.503367 -25.354584 -13.672898 -41.479742 -1.205563 3.904464 0.748861
-1 1478511893.513237 -25.529248 -14.009925 -42.171452 -1.228345 3.98529 0.739075
-1 1478511893.523353 -25.775068 -14.223203 -42.982902 -1.260494 4.063268 0.730476
-1 1478511893.533419 -25.914156 -14.404617 -43.973275 -1.298321 4.133745 0.713821
-1 1478511893.543921 -26.294819 -14.643813 -44.765007 -1.327105 4.205672 0.705455
-1 1478511893.553534 -26.610818 -14.928117 -45.523039 -1.352177 4.287042 0.693852
-1 1478511893.563580 -26.895727 -15.223091 -46.310057 -1.380532 4.368538 0.669611
-1 1478511893.573721 -27.115959 -15.534887 -47.157979 -1.408654 4.454325 0.634358
-1 1478511893.583701 -27.034067 -15.896262 -48.117031 -1.432551 4.552765 0.592995
-1 1478511893.593857 -26.797142 -16.388349 -49.035944 -1.450719 4.654068 0.550614
-1 1478511893.603830 -26.904878 -16.914977 -49.717458 -1.467925 4.746705 0.51822
-1 1478511893.613718 -26.968968 -17.449827 -50.485396 -1.488807 4.829398 0.48505
-1 1478511893.623871 -27.093058 -17.985712 -51.245739 -1.510252 4.911437 0.457391
-1 1478511893.633862 -26.974349 -18.3553 -52.092046 -1.536535 4.995134 0.43209
-1 1478511893.644354 -26.654235 -18.61451 -52.954782 -1.563352 5.071054 0.401753
-1 1478511893.654134 -26.885182 -18.83414 -53.457418 -1.582228 5.148142 0.387215
-1 1478511893.664080 -26.633695 -19.058072 -54.22799 -1.60086 5.235996 0.359753
-1 1478511893.674128 -26.736436 -19.317086 -54.970126 -1.622415 5.323291 0.340316
-1 1478511893.684191 -26.825798 -19.571958 -55.74935 -1.645827 5.408945 0.321766
-1 1478511893.694519 -26.891886 -19.807162 -56.379117 -1.665003 5.48552 0.304437
-1 1478511893.704294 -26.929669 -20.042179 -56.856983 -1.678922 5.547357 0.288002
-1 1478511893.714542 -26.970962 -20.230992 -57.288277 -1.691627 5.60006 0.274909
-1 1478511893.724592 -27.034624 -20.38597 -57.740398 -1.703965 5.644078 0.265345
-1 1478511893.734600 -27.124455 -20.477197 -58.115704 -1.715745 5.682216 0.259752
-1 1478511893.744929 -27.237062 -20.576804 -58.334391 -1.723474 5.712491 0.255111
-1 1478511893.754548 -27.223557 -20.645903 -58.493005 -1.728292 5.736022 0.2483
-1 1478511893.764684 -27.111786 -20.722614 -58.679174 -1.732503 5.756171 0.239081
-1 1478511893.774808 -27.041405 -20.811857 -58.896217 -1.737402 5.774531 0.231392
-1 1478511893.784870 -27.051087 -20.879373 -59.040732 -1.741494 5.78961 0.227447
-1 1478511893.795217 -27.146321 -20.941677 -59.07581 -1.743365 5.800455 0.226168
-1 1478511893.805009 -27.028916 -20.872334 -59.162763 -1.74614 5.809385 0.223877
-1 1478511893.814931 -26.99192 -20.775138 -59.225433 -1.749754 5.817766 0.2252
-1 1478511893.825179 -27.083735 -20.737935 -59.250938 -1.752567 5.824868 0.228327
-1 1478511893.835208 -27.0888 -20.745363 -59.342699 -1.754243 5.829373 0.227554
-1 1478511893.845442 -27.260814 -20.757514 -59.41871 -1.756628 5.832942 0.231976
-1 1478511893.855599 -27.474649 -20.74877 -59.542581 -1.760791 5.837165 0.238595
-1 1478511893.865425 -27.725794 -20.68477 -59.68173 -1.766197 5.841013 0.248563
-1 1478511893.875409 -27.948804 -20.559276 -59.818629 -1.77238 5.844824 0.260038
-1 1478511893.885528 -28.05679 -20.441149 -59.895453 -1.776579 5.847614 0.267802
-1 1478511893.895736 -27.717758 -20.354177 -60.079084 -1.778475 5.849665 0.260894
-1 1478511893.905481 -28.134181 -20.266658 -59.886777 -1.778909 5.848296 0.2765
-1 1478511893.915767 -28.147222 -20.254476 -59.938617 -1.779429 5.848067 0.277365
-1 1478511893.925775 -28.298626 -20.288229 -60.00841 -1.781179 5.849341 0.281025
-1 1478511893.935707 -28.574239 -20.343383 -60.045221 -1.78287 5.850105 0.287019
-1 1478511893.946252 -28.737929 -20.334182 -60.115608 -1.785193 5.85115 0.291876
-1 1478511893.956021 -28.902687 -20.229111 -60.188753 -1.789005 5.851977 0.300974
-1 1478511893.966200 -28.744556 -20.072091 -60.389521 -1.793642 5.854124 0.302453
-1 1478511893.976226 -29.164015 -19.996042 -60.298245 -1.795781 5.852938 0.317856
-1 1478511893.986054 -29.290469 -19.955234 -60.344185 -1.797815 5.853152 0.323375
-1 1478511893.996316 -29.364892 -19.951592 -60.374264 -1.798832 5.85348 0.325896
-1 1478511894.006171 -29.447391 -20.006226 -60.32839 -1.79793 5.853454 0.326169
-1 1478511894.016247 -29.261635 -20.077184 -60.305002 -1.794883 5.852586 0.317767
-1 1478511894.026353 -28.88175 -20.214962 -60.357174 -1.790671 5.851867 0.301133
-1 1478511894.036483 -28.767231 -20.332152 -60.33581 -1.788357 5.852633 0.293045
-1 1478511894.046699 -28.708807 -20.390254 -60.325017 -1.787205 5.853061 0.288984
-1 1478511894.056463 -29.057192 -20.417913 -60.120904 -1.785579 5.85138 0.29808
-1 1478511894.066613 -28.961466 -20.415806 -60.157973 -1.785472 5.851642 0.295334
-1 1478511894.076580 -29.016595 -20.393538 -60.170279 -1.786181 5.851371 0.297959
-1 1478511894.086776 -29.082928 -20.389963 -60.196227 -1.787046 5.851513 0.30015
-1 1478511894.096898 -29.098136 -20.370802 -60.225138 -1.788236 5.852333 0.301364
-1 1478511894.106815 -29.019642 -20.408873 -60.200689 -1.786922 5.852686 0.297449
-1 1478511894.116860 -28.885693 -20.43256 -60.141064 -1.784707 5.852318 0.292291
-1 1478511894.126896 -28.736173 -20.439527 -60.090561 -1.783016 5.852572 0.287322
-1 1478511894.137019 -28.640444 -20.437207 -60.069467 -1.782385 5.853137 0.284407
-1 1478511894.147839 -28.627143 -20.422064 -60.075652 -1.782798 5.853573 0.2846
-1 1478511894.157482 -28.632442 -20.45433 -60.085642 -1.782658 5.853869 0.283554
-1 1478511894.167506 -28.662951 -20.433681 -60.094356 -1.783224 5.85377 0.285255
-1 1478511894.177601 -28.687193 -20.333641 -60.109382 -1.78511 5.853981 0.289767
-1 1478511894.187732 -28.676573 -20.240968 -60.122643 -1.786837 5.854626 0.292926
-1 1478511894.197892 -28.668419 -20.157821 -60.128577 -1.788198 5.855046 0.295808
-1 1478511894.207678 -28.659794 -20.155059 -60.129193 -1.788259 5.855144 0.295658
-1 1478511894.217745 -28.645838 -20.228821 -60.134234 -1.787376 5.85548 0.292407
-1 1478511894.227953 -28.615113 -20.318603 -60.135635 -1.786148 5.856065 0.288049
-1 1478511894.238110 -28.531321 -20.415452 -60.099099 -1.783628 5.855859 0.281749
-1 1478511894.248239 -28.139221 -20.49562 -60.148304 -1.780153 5.855131 0.266989
-1 1478511894.258000 -28.040682 -20.511413 -60.073497 -1.777571 5.853739 0.263297
-1 1478511894.268116 -27.92146 -20.495095 -60.086968 -1.776927 5.853219 0.260342
-1 1478511894.278187 -27.996958 -20.484429 -60.113904 -1.777926 5.853166 0.263123
-1 1478511894.288865 -28.139343 -20.492047 -60.17492 -1.779745 5.853449 0.267324
-1 1478511894.298264 -28.388425 -20.56948 -60.182064 -1.780179 5.852924 0.272041
-1 1478511894.308267 -28.612581 -20.590849 -60.194284 -1.781559 5.852914 0.278098
-1 1478511894.318373 -28.474409 -20.58902 -60.319749 -1.782956 5.854233 0.274267
-1 1478511894.328345 -28.515857 -20.506712 -60.289476 -1.784448 5.855193 0.278444
-1 1478511894.338964 -28.374012 -20.418398 -60.257029 -1.78468 5.855948 0.277372
-1 1478511894.348859 -28.088411 -20.35923 -60.227679 -1.783276 5.856165 0.270765
-1 1478511894.358517 -27.966757 -20.395224 -60.090226 -1.779735 5.855372 0.265353
-1 1478511894.368722 -27.713807 -20.479843 -60.048636 -1.775934 5.854678 0.254382
-1 1478511894.378743 -27.647546 -20.561651 -60.002626 -1.773336 5.85387 0.249206
-1 1478511894.389337 -27.679478 -20.533333 -60.03562 -1.774773 5.854676 0.251281
-1 1478511894.399427 -27.586828 -20.476456 -60.191718 -1.777899 5.856498 0.250941
-1 1478511894.409244 -27.885993 -20.389046 -60.183418 -1.781457 5.857354 0.263236
-1 1478511894.419424 -27.594756 -20.315257 -60.403709 -1.784232 5.859087 0.257694
-1 1478511894.429529 -27.80902 -20.318924 -60.321577 -1.784209 5.858272 0.263959
-1 1478511894.439673 -27.763678 -20.326028 -60.290643 -1.783132 5.857778 0.26225
-1 1478511894.449700 -27.675404 -20.358352 -60.242442 -1.781179 5.857154 0.25833
-1 1478511894.459791 -27.578649 -20.438456 -60.183017 -1.778219 5.856282 0.25242
-1 1478511894.469622 -27.412114 -20.569748 -60.166886 -1.7746 5.855351 0.242521
-1 1478511894.479879 -27.48014 -20.725144 -60.085739 -1.771129 5.853966 0.238411
-1 1478511894.490096 -27.38449 -20.785256 -60.126833 -1.77028 5.854206 0.233317
-1 1478511894.499788 -27.424744 -20.7406 -60.157708 -1.771862 5.854822 0.236161
-1 1478511894.509783 -27.512682 -20.623701 -60.201167 -1.774862 5.855233 0.243377
-1 1478511894.519909 -27.656615 -20.517216 -60.258199 -1.77814 5.855371 0.25188
-1 1478511894.530023 -27.839825 -20.439121 -60.32684 -1.781406 5.855369 0.260683
-1 1478511894.540351 -28.032245 -20.451636 -60.404501 -1.783676 5.855609 0.266231
-1 1478511894.550376 -28.127825 -20.475947 -60.458595 -1.785066 5.85631 0.268436
-1 1478511894.560177 -27.933339 -20.472213 -60.545853 -1.78531 5.857074 0.263052
-1 1478511894.570235 -28.082686 -20.503359 -60.355226 -1.782757 5.855638 0.265926
-1 1478511894.580322 -27.813943 -20.54678 -60.310932 -1.779401 5.855065 0.255783
-1 1478511894.590728 -27.673071 -20.554838 -60.25401 -1.7775 5.854817 0.251197
-1 1478511894.600567 -27.704278 -20.531783 -60.20563 -1.777608 5.855222 0.25307
-1 1478511894.610421 -27.652837 -20.445841 -60.276632 -1.779774 5.855929 0.255196
-1 1478511894.620631 -27.851475 -20.445177 -60.262941 -1.780624 5.855234 0.260946
-1 1478511894.630532 -27.967771 -20.402669 -60.310268 -1.782678 5.85552 0.265826
-1 1478511894.640885 -27.896325 -20.354672 -60.449578 -1.785134 5.856499 0.265725
-1 1478511894.651009 -28.127983 -20.32372 -60.40482 -1.786761 5.856769 0.27378
-1 1478511894.660709 -28.103602 -20.359895 -60.395475 -1.785957 5.856834 0.271639
-1 1478511894.670816 -27.97603 -20.391808 -60.342918 -1.783856 5.856622 0.266428
-1 1478511894.681124 -28.032432 -20.460604 -60.1861 -1.780549 5.855209 0.265215
-1 1478511894.691249 -27.62905 -20.499825 -60.26405 -1.778566 5.85592 0.251711
-1 1478511894.701289 -27.83903 -20.571079 -60.100309 -1.776298 5.854676 0.254984
-1 1478511894.711331 -27.649816 -20.658421 -60.153434 -1.774157 5.854011 0.246087
-1 1478511894.721161 -27.981095 -20.771219 -60.017615 -1.772166 5.852284 0.251618
-1 1478511894.731205 -27.795069 -20.814161 -60.168397 -1.772447 5.852664 0.244783
-1 1478511894.741443 -27.892099 -20.772491 -60.211373 -1.774391 5.852814 0.249436
-1 1478511894.751750 -27.967125 -20.704988 -60.25981 -1.77686 5.853536 0.254317
-1 1478511894.761489 -28.09424 -20.673723 -60.237723 -1.777892 5.853599 0.259276
-1 1478511894.771535 -28.004243 -20.62694 -60.29017 -1.778903 5.854284 0.258424
-1 1478511894.781669 -28.158728 -20.594765 -60.201895 -1.779158 5.854152 0.264094
-1 1478511894.792124 -28.104062 -20.555339 -60.194782 -1.779483 5.85469 0.263834
-1 1478511894.801855 -28.034253 -20.512607 -60.170703 -1.779322 5.854773 0.263239
-1 1478511894.811756 -27.956263 -20.49741 -60.137794 -1.778502 5.854599 0.26138
-1 1478511894.821912 -27.841613 -20.449871 -60.183988 -1.779328 5.85518 0.259751
-1 1478511894.831941 -27.792552 -20.430399 -60.251797 -1.780436 5.85589 0.259163
-1 1478511894.842293 -28.071892 -20.384973 -60.215119 -1.782514 5.855929 0.269258
-1 1478511894.852390 -28.207488 -20.332726 -60.269395 -1.784961 5.85604 0.27555
-1 1478511894.862072 -28.335586 -20.27993 -60.32328 -1.787418 5.85626 0.281788
-1 1478511894.872105 -28.221679 -20.237378 -60.449147 -1.789369 5.857298 0.280144
-1 1478511894.882242 -28.362214 -20.276409 -60.392463 -1.788344 5.855834 0.282964
-1 1478511894.892592 -28.554065 -20.308808 -60.270257 -1.786637 5.853838 0.287292
-1 1478511894.902937 -28.525859 -20.342683 -60.242827 -1.785304 5.853019 0.285143
-1 1478511894.912496 -28.322746 -20.419503 -60.321264 -1.784092 5.853631 0.276242
-1 1478511894.922516 -28.397783 -20.501954 -60.262977 -1.782409 5.853081 0.275464
-1 1478511894.932559 -28.375925 -20.57699 -60.236459 -1.780536 5.852358 0.272114
-1 1478511894.943054 -28.138934 -20.605267 -60.309354 -1.779833 5.85315 0.26379
-1 1478511894.952933 -28.278439 -20.616757 -60.214531 -1.779244 5.852928 0.267006
-1 1478511894.962847 -28.324142 -20.615951 -60.154407 -1.778656 5.852622 0.26826
-1 1478511894.972862 -28.250739 -20.636907 -60.127357 -1.777506 5.852651 0.265119
-1 1478511894.982920 -28.220429 -20.667497 -60.101689 -1.776277 5.851974 0.263079
-1 1478511894.993169 -28.166123 -20.665272 -60.095797 -1.776118 5.852554 0.26142
-1 1478511895.003097 -28.36587 -20.624428 -59.976255 -1.776807 5.853325 0.268593
-1 1478511895.012921 -27.994119 -20.578855 -60.092609 -1.77723 5.854989 0.259285
-1 1478511895.023084 -28.147679 -20.58407 -59.919128 -1.77558 5.854091 0.263244
-1 1478511895.033155 -28.020164 -20.638674 -59.863283 -1.773055 5.853744 0.257193
-1 1478511895.043761 -26.744734 -20.473215 -60.103442 -1.782812 5.883163 0.229144
-1 1478511895.053402 -24.524136 -20.162292 -60.504572 -1.799193 5.929072 0.182937
-1 1478511895.063403 -22.693432 -19.86102 -60.708588 -1.809735 5.950215 0.145753
-1 1478511895.073446 -21.14408 -19.601931 -60.738006 -1.813423 5.94818 0.111381
-1 1478511895.083425 -19.862186 -19.378963 -60.529198 -1.805888 5.930536 0.083235
-1 1478511895.094200 -18.520843 -19.148875 -60.24528 -1.790352 5.901458 0.054128
-1 1478511895.103994 -17.339846 -18.905805 -59.828018 -1.767949 5.85517 0.031525
-1 1478511895.113721 -16.246353 -18.664029 -59.288092 -1.736886 5.795404 0.012868
-1 1478511895.123812 -15.218045 -18.402425 -58.640781 -1.70047 5.724503 -0.00005
-1 1478511895.133785 -14.642588 -18.084785 -57.816729 -1.663852 5.63675 0.003607
-1 1478511895.144140 -13.747091 -17.840641 -56.991733 -1.622913 5.52727 -0.005636
-1 1478511895.153944 -12.884047 -17.585796 -55.99347 -1.576987 5.399263 -0.008566
-1 1478511895.164068 -12.347839 -17.374338 -54.67583 -1.525062 5.257267 0.001711
-1 1478511895.174094 -11.59936 -17.092324 -53.212588 -1.470054 5.105716 0.011505
-1 1478511895.184200 -11.034705 -16.738259 -51.588576 -1.41706 4.946797 0.027074
-1 1478511895.194418 -10.362782 -16.281493 -49.979041 -1.366794 4.777781 0.039349
-1 1478511895.204202 -10.103313 -15.848083 -48.288663 -1.315094 4.598287 0.062375
-1 1478511895.214228 -9.659934 -15.437991 -46.627928 -1.260129 4.414158 0.083153
-1 1478511895.224453 -9.240834 -15.050967 -44.921065 -1.202303 4.219531 0.105735
-1 1478511895.234497 -9.116915 -14.575668 -43.02876 -1.140994 4.01633 0.142325
-1 1478511895.245097 -9.00237 -14.01273 -41.057427 -1.078201 3.811913 0.18272
-1 1478511895.254426 -8.798427 -13.387451 -39.071587 -1.016678 3.60688 0.220317
-1 1478511895.264451 -8.571764 -12.720452 -37.034095 -0.955616 3.399991 0.256477
-1 1478511895.274764 -8.256625 -12.046324 -34.969594 -0.89401 3.189411 0.287609
-1 1478511895.284768 -7.91796 -11.38132 -32.861197 -0.830851 2.971276 0.312299
-1 1478511895.294923 -7.801217 -10.68299 -30.69569 -0.766449 2.746752 0.341338
-1 1478511895.305038 -7.620197 -10.004704 -28.480895 -0.698869 2.518292 0.367773
-1 1478511895.314844 -7.645107 -9.306506 -26.19612 -0.628347 2.28656 0.401112
-1 1478511895.325058 -7.808516 -8.64294 -23.891738 -0.55464 2.059781 0.440413
-1 1478511895.334983 -7.840092 -7.982308 -21.66792 -0.482992 1.845233 0.479516
-1 1478511895.345412 -8.155831 -7.385383 -19.380346 -0.409558 1.63767 0.517505
-1 1478511895.355131 -8.48118 -6.719057 -17.246271 -0.343267 1.438231 0.551943
-1 1478511895.365351 -8.653087 -6.124515 -15.241353 -0.280324 1.254591 0.577122
-1 1478511895.375361 -8.823242 -5.558603 -13.350639 -0.221581 1.083817 0.59921
-1 1478511895.385303 -8.915093 -5.08859 -11.583341 -0.166781 0.920642 0.612797
-1 1478511895.395784 -9.079255 -4.756542 -9.839576 -0.112786 0.754833 0.621119
-1 1478511895.405381 -9.271409 -4.519694 -8.164582 -0.06157 0.59296 0.617062
-1 1478511895.415542 -9.520393 -4.422087 -6.428874 -0.004516 0.447866 0.61495
-1 1478511895.425680 -9.97006 -4.314518 -4.794245 0.047205 0.318874 0.625356
-1 1478511895.435930 -10.453848 -4.119179 -3.462994 0.08442 0.209251 0.632378
-1 1478511895.446181 -10.962002 -3.947205 -2.329589 0.117337 0.117923 0.637793
-1 1478511895.455988 -11.432139 -3.899841 -1.38238 0.150395 0.049112 0.643777
-1 1478511895.466050 -11.918121 -3.989836 -0.567247 0.183708 0.001544 0.653823
-1 1478511895.476288 -12.32737 -4.066706 -0.056022 0.206982 -0.03293 0.672135
-1 1478511895.486271 -12.608273 -4.083678 0.190113 0.219655 -0.054293 0.692484
-1 1478511895.496646 -12.790276 -4.03062 0.370779 0.22454 -0.075827 0.705812
-1 1478511895.506306 -12.841618 -3.929405 0.544797 0.227334 -0.102785 0.711194
-1 1478511895.516386 -12.799729 -3.871395 0.842089 0.236187 -0.129606 0.71
-1 1478511895.526728 -12.86224 -3.750349 1.128208 0.242852 -0.155265 0.714127
-1 1478511895.536571 -12.951042 -3.680103 1.464838 0.2524 -0.178633 0.716763
-1 1478511895.546708 -13.067907 -3.578254 1.663449 0.257615 -0.19715 0.725162
-1 1478511895.556712 -13.171891 -3.520933 1.849067 0.263189 -0.213819 0.731323
-1 1478511895.566734 -13.203143 -3.557897 1.996155 0.268932 -0.225427 0.73171
-1 1478511895.576984 -13.150774 -3.604509 2.043502 0.270835 -0.232464 0.730856
-1 1478511895.586788 -13.061813 -3.703844 2.210673 0.276878 -0.242518 0.722517
-1 1478511895.597384 -12.98212 -3.784772 2.347926 0.28176 -0.251959 0.71634
-1 1478511895.607047 -12.913428 -3.87088 2.503603 0.287145 -0.262589 0.71148
-1 1478511895.617381 -12.989888 -3.911777 2.651455 0.291759 -0.274004 0.711293
-1 1478511895.627348 -13.10933 -3.92333 2.729066 0.294789 -0.279452 0.714009
-1 1478511895.637625 -13.243538 -3.839709 2.697724 0.293362 -0.279327 0.721776
-1 1478511895.647958 -13.314946 -3.69251 2.65528 0.290769 -0.275806 0.729666
-1 1478511895.657749 -13.396426 -3.547858 2.625376 0.288939 -0.271953 0.738056
-1 1478511895.667821 -13.257013 -3.466976 2.59267 0.288212 -0.269204 0.736616
-1 1478511895.677529 -13.03235 -3.432766 2.526166 0.285998 -0.271318 0.731161
-1 1478511895.687759 -12.925939 -3.436704 2.664194 0.290376 -0.281025 0.72739
-1 1478511895.697864 -12.990515 -3.476437 2.864419 0.296787 -0.291798 0.729086
-1 1478511895.707733 -13.06767 -3.513354 2.954423 0.299337 -0.296702 0.732228
-1 1478511895.717907 -13.14092 -3.487107 2.960713 0.298618 -0.299219 0.736399
-1 1478511895.728121 -13.189842 -3.527764 3.034996 0.302853 -0.299086 0.739125
-1 1478511895.738169 -13.162383 -3.547644 3.009097 0.303338 -0.293119 0.743047
-1 1478511895.748322 -13.065018 -3.567998 2.915102 0.299365 -0.290759 0.738033
-1 1478511895.758083 -13.109124 -3.526694 2.800718 0.293864 -0.293326 0.735244
-1 1478511895.768092 -13.120829 -3.523712 2.741289 0.291723 -0.291801 0.732054
-1 1478511895.778092 -13.102612 -3.538355 2.733767 0.291034 -0.29209 0.727367
-1 1478511895.789049 -13.060912 -3.595474 2.801366 0.294342 -0.294609 0.720156
-1 1478511895.798650 -12.902658 -3.738507 2.880661 0.300245 -0.293321 0.709601
-1 1478511895.808398 -12.638879 -3.878873 2.911485 0.30409 -0.292682 0.696635
-1 1478511895.818423 -12.502206 -3.914859 2.98686 0.307724 -0.298884 0.690202
-1 1478511895.828429 -12.45452 -3.906322 3.046531 0.30965 -0.305503 0.692508
-1 1478511895.838868 -12.483698 -3.878894 3.177473 0.312725 -0.311823 0.697345
-1 1478511895.848779 -12.635595 -3.842971 3.228327 0.312531 -0.317259 0.704247
-1 1478511895.858664 -12.781659 -3.799551 3.300313 0.314812 -0.31674 0.710036
-1 1478511895.868667 -12.940338 -3.76309 3.272425 0.313935 -0.314185 0.717592
-1 1478511895.878763 -13.00678 -3.684827 3.175644 0.310537 -0.308777 0.72431
-1 1478511895.889183 -13.044867 -3.604821 3.053243 0.306438 -0.30189 0.730609
-1 1478511895.899310 -13.029784 -3.575764 2.98125 0.305084 -0.295839 0.733612
-1 1478511895.908833 -12.966253 -3.594646 2.907219 0.303738 -0.294233 0.734087
-1 1478511895.919321 -12.957612 -3.58245 2.92337 0.304623 -0.297448 0.735892
-1 1478511895.929041 -12.893283 -3.591413 2.966859 0.305911 -0.300849 0.735029
-1 1478511895.939572 -12.898338 -3.553508 2.939887 0.302656 -0.304948 0.736974
-1 1478511895.949503 -12.834244 -3.554308 3.019418 0.304494 -0.307974 0.73118
-1 1478511895.959318 -12.844042 -3.572229 3.008135 0.30356 -0.310857 0.728996
-1 1478511895.969325 -12.917438 -3.612247 3.086041 0.306751 -0.312867 0.727421
-1 1478511895.979528 -13.054916 -3.632097 3.073084 0.306242 -0.311829 0.728288
-1 1478511895.989811 -13.179132 -3.672498 2.979225 0.303174 -0.308952 0.727577
-1 1478511895.999862 -13.209558 -3.748073 2.951381 0.304011 -0.30407 0.722493
-1 1478511896.009673 -13.192977 -3.804422 2.871412 0.303179 -0.298692 0.719201
-1 1478511896.019679 -13.131971 -3.91139 2.835241 0.304683 -0.295782 0.714871
-1 1478511896.029754 -13.166584 -3.875522 2.853005 0.305945 -0.29474 0.720033
-1 1478511896.040171 -13.201211 -3.870978 2.84023 0.305724 -0.294974 0.723041
-1 1478511896.050325 -13.251566 -3.820416 2.817055 0.304301 -0.294941 0.726692
-1 1478511896.060099 -13.285676 -3.75656 2.812522 0.303552 -0.294008 0.731991
-1 1478511896.070177 -13.295994 -3.739922 2.838394 0.304435 -0.293623 0.73558
-1 1478511896.080108 -13.238861 -3.687182 2.860164 0.304154 -0.293175 0.737016
-1 1478511896.090576 -13.295617 -3.606485 2.851335 0.301898 -0.295118 0.741379
-1 1478511896.100328 -13.424923 -3.506124 2.798102 0.297842 -0.295908 0.747823
-1 1478511896.110229 -13.535272 -3.468 2.748362 0.295841 -0.293418 0.752862
-1 1478511896.120304 -13.585745 -3.459538 2.73772 0.295797 -0.290445 0.755483
-1 1478511896.130343 -13.575043 -3.439057 2.723899 0.295147 -0.287461 0.756591
-1 1478511896.140770 -13.479227 -3.438836 2.654945 0.293022 -0.28513 0.755732
-1 1478511896.150826 -13.337048 -3.418903 2.662661 0.293284 -0.287644 0.751556
-1 1478511896.160512 -13.252323 -3.444573 2.685414 0.293981 -0.294428 0.747271
-1 1478511896.170668 -13.326133 -3.457788 2.746012 0.29487 -0.302166 0.74609
-1 1478511896.180698 -13.464429 -3.495684 2.737626 0.293645 -0.306829 0.744587
-1 1478511896.191090 -13.539283 -3.52968 2.705466 0.293989 -0.304603 0.74496
-1 1478511896.201099 -13.465383 -3.616537 2.725898 0.29725 -0.299612 0.739101
-1 1478511896.211004 -13.350041 -3.733143 2.709989 0.298781 -0.297629 0.730541
-1 1478511896.220920 -13.37814 -3.76164 2.681115 0.298529 -0.296351 0.73134
-1 1478511896.231038 -13.479079 -3.770622 2.603687 0.295539 -0.295549 0.734644
-1 1478511896.241587 -13.536819 -3.76242 2.606637 0.29587 -0.29625 0.735552
-1 1478511896.251356 -13.516169 -3.755277 2.559675 0.295009 -0.294718 0.738109
-1 1478511896.261203 -13.413919 -3.738523 2.63981 0.297879 -0.294455 0.73725
-1 1478511896.271462 -13.318204 -3.693101 2.690213 0.298888 -0.295314 0.737844
-1 1478511896.281484 -13.250078 -3.669175 2.660944 0.297754 -0.296693 0.74117
-1 1478511896.291868 -13.30261 -3.582632 2.713665 0.297715 -0.29996 0.745926
-1 1478511896.301779 -13.410887 -3.503508 2.7094 0.294411 -0.303455 0.750065
-1 1478511896.311578 -13.538871 -3.421375 2.734168 0.29369 -0.304432 0.756893
-1 1478511896.321884 -13.609339 -3.382583 2.762615 0.295004 -0.301531 0.761741
-1 1478511896.331748 -13.521358 -3.39056 2.700363 0.293528 -0.297045 0.760162
-1 1478511896.342604 -13.423439 -3.400203 2.681283 0.293595 -0.29547 0.755842
-1 1478511896.352258 -13.410056 -3.433808 2.603865 0.291031 -0.297539 0.754332
-1 1478511896.361719 -13.353326 -3.511958 2.669239 0.294379 -0.302228 0.748085
-1 1478511896.371914 -13.387187 -3.559562 2.698258 0.296023 -0.305165 0.745941
-1 1478511896.381922 -13.405055 -3.63647 2.783015 0.300789 -0.305469 0.743679
-1 1478511896.392206 -13.387252 -3.697277 2.806475 0.302729 -0.304838 0.740623
-1 1478511896.402377 -13.34109 -3.746008 2.81998 0.304228 -0.304106 0.737413
-1 1478511896.412091 -13.35134 -3.754968 2.817237 0.304763 -0.303445 0.738908
-1 1478511896.422113 -13.357627 -3.745452 2.795174 0.303215 -0.303036 0.738965
-1 1478511896.432255 -13.369731 -3.748644 2.788909 0.302164 -0.303953 0.736845
-1 1478511896.442571 -13.319796 -3.749658 2.790077 0.301518 -0.305151 0.732042
-1 1478511896.452584 -13.337885 -3.72114 2.751812 0.299792 -0.30609 0.732987
-1 1478511896.462466 -13.314481 -3.776731 2.808331 0.303949 -0.305275 0.73211
-1 1478511896.472589 -13.325432 -3.741044 2.774636 0.303472 -0.303308 0.738075
-1 1478511896.482448 -13.34126 -3.700707 2.805346 0.30454 -0.303721 0.742679
-1 1478511896.492794 -13.354938 -3.65723 2.856544 0.306037 -0.30635 0.746612
-1 1478511896.502913 -13.352993 -3.617319 2.890191 0.306772 -0.308728 0.750296
-1 1478511896.512623 -13.358851 -3.578529 2.854299 0.304274 -0.307791 0.753571
-1 1478511896.522899 -13.338826 -3.558107 2.849397 0.302719 -0.305727 0.751335
-1 1478511896.532870 -13.323259 -3.560011 2.852277 0.301275 -0.305797 0.746238
-1 1478511896.542952 -13.305919 -3.592144 2.839179 0.300046 -0.307323 0.740744
-1 1478511896.553103 -13.273171 -3.613943 2.850247 0.301086 -0.308178 0.738328
-1 1478511896.562903 -13.308967 -3.672673 2.862609 0.303181 -0.309404 0.739071
-1 1478511896.573033 -13.271945 -3.730291 2.905981 0.305602 -0.310262 0.736128
-1 1478511896.583031 -13.300426 -3.768252 2.905296 0.305866 -0.312386 0.735275
-1 1478511896.593279 -13.381277 -3.805879 2.900172 0.30644 -0.312408 0.736133
-1 1478511896.603437 -13.402091 -3.86536 2.897453 0.307097 -0.310204 0.732603
-1 1478511896.613346 -13.404972 -3.880301 2.806203 0.30375 -0.307656 0.731075
-1 1478511896.623410 -13.226084 -3.916417 2.859421 0.306963 -0.30565 0.724001
-1 1478511896.633339 -13.082501 -3.882985 2.828299 0.305984 -0.306974 0.722957
-1 1478511896.643760 -12.943977 -3.836441 2.882486 0.307968 -0.311021 0.721958
-1 1478511896.653558 -12.933992 -3.736648 2.952121 0.308615 -0.317527 0.726982
-1 1478511896.663774 -13.00505 -3.622609 2.993096 0.307141 -0.324336 0.73526
-1 1478511896.673764 -13.073376 -3.583612 3.141456 0.311444 -0.328852 0.739643
-1 1478511896.683722 -13.226058 -3.530349 3.166296 0.311566 -0.328124 0.750426
-1 1478511896.693941 -13.307941 -3.467083 3.099681 0.309055 -0.32116 0.757494
-1 1478511896.703912 -13.316447 -3.426146 2.948265 0.303517 -0.313239 0.758521
-1 1478511896.713739 -13.297611 -3.412528 2.833058 0.299482 -0.308693 0.757823
-1 1478511896.723978 -13.263319 -3.412511 2.779757 0.297815 -0.307594 0.755364
-1 1478511896.733935 -13.18304 -3.451481 2.791742 0.298778 -0.308707 0.750094
-1 1478511896.744228 -13.100071 -3.466596 2.844902 0.300296 -0.311739 0.745898
-1 1478511896.754140 -13.056831 -3.543848 2.934063 0.303743 -0.316392 0.740339
-1 1478511896.764233 -13.101012 -3.597795 2.987367 0.305672 -0.32073 0.738619
-1 1478511896.774199 -13.149685 -3.657182 3.03367 0.307896 -0.322951 0.736735
-1 1478511896.784524 -13.233844 -3.722526 3.045341 0.309572 -0.32131 0.736544
-1 1478511896.794631 -13.309531 -3.777795 2.993592 0.308965 -0.3165 0.737103
-1 1478511896.804427 -13.38806 -3.83576 2.895956 0.307101 -0.311216 0.739375
-1 1478511896.814548 -13.437677 -3.871317 2.877491 0.308336 -0.306554 0.740965
-1 1478511896.824645 -13.392133 -3.895094 2.827006 0.307446 -0.301683 0.738093
-1 1478511896.834855 -13.32995 -3.83886 2.754779 0.30413 -0.298633 0.73688
-1 1478511896.845056 -13.274216 -3.805874 2.716385 0.302196 -0.29887 0.735654
-1 1478511896.854863 -13.240912 -3.732661 2.731101 0.302033 -0.302328 0.738741
-1 1478511896.864976 -13.282058 -3.646102 2.720483 0.300348 -0.306723 0.747816
-1 1478511896.874960 -13.366493 -3.573791 2.850623 0.302502 -0.312447 0.751183
-1 1478511896.885176 -13.420513 -3.537968 2.913162 0.302561 -0.316448 0.750347
-1 1478511896.895477 -13.413215 -3.550826 2.921382 0.303034 -0.314694 0.74825
-1 1478511896.905287 -13.444772 -3.512901 2.822954 0.299586 -0.310738 0.75152
-1 1478511896.915201 -13.5131 -3.511217 2.770544 0.298026 -0.308899 0.753922
-1 1478511896.925320 -13.577662 -3.533375 2.732608 0.29692 -0.309377 0.755412
-1 1478511896.935368 -13.594213 -3.542579 2.764755 0.29881 -0.309668 0.754852
-1 1478511896.945823 -13.514126 -3.57578 2.748644 0.299414 -0.307273 0.752555
-1 1478511896.955782 -13.380616 -3.601971 2.749102 0.300163 -0.306015 0.74751
-1 1478511896.965613 -13.263057 -3.600874 2.789132 0.301265 -0.306428 0.74197
-1 1478511896.975677 -13.258187 -3.630962 2.778631 0.300058 -0.309217 0.739082
-1 1478511896.985629 -13.278673 -3.711893 2.8211 0.302004 -0.312711 0.735524
-1 1478511896.995900 -13.306684 -3.779512 2.872549 0.305223 -0.313311 0.73522
-1 1478511897.005745 -13.301679 -3.807368 2.948318 0.308651 -0.312702 0.734063
-1 1478511897.015861 -13.298396 -3.811085 2.854246 0.305248 -0.310545 0.734396
-1 1478511897.025922 -13.318336 -3.727824 2.789735 0.302343 -0.307632 0.737156
-1 1478511897.035989 -13.334614 -3.687184 2.689091 0.298523 -0.305244 0.740821
-1 1478511897.046211 -13.308173 -3.657174 2.703984 0.298851 -0.303529 0.741637
-1 1478511897.056108 -13.290512 -3.603305 2.696837 0.297552 -0.304211 0.743577
-1 1478511897.066180 -13.241032 -3.567373 2.711669 0.29706 -0.308043 0.743099
-1 1478511897.076267 -13.187092 -3.608806 2.766114 0.298632 -0.314032 0.738637
-1 1478511897.086266 -13.213959 -3.604582 2.827161 0.299749 -0.320021 0.737513
-1 1478511897.096584 -13.282861 -3.553238 2.895102 0.300619 -0.322383 0.739325
-1 1478511897.106397 -13.364524 -3.506357 2.874927 0.298617 -0.322156 0.743173
-1 1478511897.116562 -13.342655 -3.507258 2.907251 0.299999 -0.319781 0.741871
-1 1478511897.126581 -13.321277 -3.557631 2.907659 0.301677 -0.316034 0.740875
-1 1478511897.136563 -13.398904 -3.589233 2.825074 0.3001 -0.313429 0.745079
-1 1478511897.146995 -13.352284 -3.629292 2.830811 0.301817 -0.31039 0.741767
-1 1478511897.156621 -13.335746 -3.614148 2.745902 0.298957 -0.310609 0.74081
-1 1478511897.166683 -13.279483 -3.632752 2.737265 0.298755 -0.31273 0.737021
-1 1478511897.176726 -13.247651 -3.66059 2.747791 0.30011 -0.313379 0.737125
-1 1478511897.186825 -13.194911 -3.717381 2.815495 0.304715 -0.314119 0.737536
-1 1478511897.197114 -13.12601 -3.700609 2.892638 0.307623 -0.314487 0.73829
-1 1478511897.206951 -13.112134 -3.685646 2.868678 0.305499 -0.315485 0.74024
-1 1478511897.216964 -13.148533 -3.65752 2.930559 0.306513 -0.317802 0.740743
-1 1478511897.227026 -13.218548 -3.63669 2.882867 0.303893 -0.316366 0.7425
-1 1478511897.237121 -13.241897 -3.619783 2.888946 0.304598 -0.312344 0.742402
-1 1478511897.247830 -13.202526 -3.636808 2.808218 0.302305 -0.309692 0.740608
-1 1478511897.257378 -13.200801 -3.633837 2.779742 0.3015 -0.309668 0.739955
-1 1478511897.267635 -13.154729 -3.662495 2.748915 0.300756 -0.311217 0.737641
-1 1478511897.277456 -13.157704 -3.698192 2.775343 0.302101 -0.31449 0.736553
-1 1478511897.287814 -13.127009 -3.665491 2.788424 0.30206 -0.316271 0.737891
-1 1478511897.297756 -13.127202 -3.690367 2.860125 0.304518 -0.31803 0.736893
-1 1478511897.307836 -13.206659 -3.649142 2.913311 0.305059 -0.320764 0.740323
-1 1478511897.317686 -13.23824 -3.617209 2.920438 0.304547 -0.321953 0.741911
-1 1478511897.327814 -13.206038 -3.636164 2.924391 0.305134 -0.321975 0.739744
-1 1478511897.338023 -13.235067 -3.645259 2.890382 0.304117 -0.322064 0.741208
-1 1478511897.348535 -13.313881 -3.653555 2.861211 0.303276 -0.32213 0.74393
-1 1478511897.358111 -13.35352 -3.65469 2.838365 0.30302 -0.321578 0.74424
-1 1478511897.368389 -13.372727 -3.636476 2.807061 0.301985 -0.31953 0.744099
-1 1478511897.378192 -13.300012 -3.669701 2.811175 0.303234 -0.317036 0.741004
-1 1478511897.388744 -13.267935 -3.650926 2.81655 0.303918 -0.315852 0.744072
-1 1478511897.398909 -13.306793 -3.616791 2.776712 0.301476 -0.317502 0.749628
-1 1478511897.408379 -13.27037 -3.609358 2.84454 0.303386 -0.319922 0.747273
-1 1478511897.418391 -13.276864 -3.606589 2.853004 0.302831 -0.320549 0.745672
-1 1478511897.428463 -13.346497 -3.597592 2.868291 0.302055 -0.321266 0.745088
-1 1478511897.439516 -13.382138 -3.625065 2.827748 0.300333 -0.321885 0.743846
-1 1478511897.448784 -13.383011 -3.651589 2.792884 0.300205 -0.320545 0.743278
-1 1478511897.458916 -13.333002 -3.668298 2.748639 0.299532 -0.318381 0.740902
-1 1478511897.468862 -13.362666 -3.6536 2.767846 0.29998 -0.318933 0.740667
-1 1478511897.478712 -13.415059 -3.659061 2.783186 0.300504 -0.318935 0.743272
-1 1478511897.489206 -13.382588 -3.678208 2.793675 0.301442 -0.316287 0.743132
-1 1478511897.499092 -13.359666 -3.666127 2.763045 0.300318 -0.31638 0.742792
-1 1478511897.508920 -13.33514 -3.651187 2.826777 0.302585 -0.318688 0.742171
-1 1478511897.519065 -13.344894 -3.64691 2.831767 0.302295 -0.320958 0.743743
-1 1478511897.529060 -13.382607 -3.64951 2.869514 0.303514 -0.322056 0.743536
-1 1478511897.539579 -13.392897 -3.665886 2.79475 0.301614 -0.31997 0.746341
-1 1478511897.549522 -13.375779 -3.693212 2.780576 0.302042 -0.318506 0.746409
-1 1478511897.559408 -13.350906 -3.645723 2.816309 0.303054 -0.317717 0.746058
-1 1478511897.569506 -13.323301 -3.629477 2.732565 0.299915 -0.315307 0.747709
-1 1478511897.579719 -13.275392 -3.619678 2.739925 0.300276 -0.313196 0.747726
-1 1478511897.589654 -13.259139 -3.614325 2.784968 0.302295 -0.313953 0.748527
-1 1478511897.600083 -13.265018 -3.617959 2.7776 0.301604 -0.315779 0.74975
-1 1478511897.609518 -13.294613 -3.565611 2.819459 0.301719 -0.317516 0.751129
-1 1478511897.619625 -13.293246 -3.592809 2.864856 0.303116 -0.319103 0.747771
-1 1478511897.629674 -13.340041 -3.590392 2.824773 0.301372 -0.31876 0.748405
-1 1478511897.640104 -13.354487 -3.604953 2.796666 0.300216 -0.317474 0.747231
-1 1478511897.650473 -13.404739 -3.623504 2.787829 0.299719 -0.316314 0.746035
-1 1478511897.660103 -13.395979 -3.647824 2.78452 0.300684 -0.313014 0.743957
-1 1478511897.670145 -13.364535 -3.667886 2.734698 0.29996 -0.310124 0.743288
-1 1478511897.680077 -13.320557 -3.682951 2.742436 0.300804 -0.31002 0.741927
-1 1478511897.690425 -13.291726 -3.698852 2.793778 0.303378 -0.312488 0.741749
-1 1478511897.700441 -13.288387 -3.712195 2.883576 0.307056 -0.316383 0.741921
-1 1478511897.710279 -13.284072 -3.716935 2.908368 0.307933 -0.319993 0.742616
-1 1478511897.720484 -13.203202 -3.691716 2.872233 0.306015 -0.322159 0.743232
-1 1478511897.730330 -13.203428 -3.626713 2.950567 0.307721 -0.326027 0.746503
-1 1478511897.740705 -13.269515 -3.567789 3.019996 0.308117 -0.329134 0.750412
-1 1478511897.750781 -13.432308 -3.543132 2.997659 0.30561 -0.327722 0.755497
-1 1478511897.760534 -13.631093 -3.542803 2.942378 0.303728 -0.322096 0.760246
-1 1478511897.770625 -13.747506 -3.596646 2.837909 0.301374 -0.314471 0.76026
-1 1478511897.780865 -13.696282 -3.634113 2.646134 0.295988 -0.306654 0.757796
-1 1478511897.791026 -13.448082 -3.666902 2.617512 0.296464 -0.303266 0.747445
-1 1478511897.801193 -13.304771 -3.650599 2.59925 0.29564 -0.305526 0.743135
-1 1478511897.810957 -13.177735 -3.678484 2.70881 0.299972 -0.312387 0.737474
-1 1478511897.821053 -13.149271 -3.707972 2.794899 0.302878 -0.321568 0.737023
-1 1478511897.831284 -13.191729 -3.707508 2.93823 0.306666 -0.330317 0.739018
-1 1478511897.841466 -13.301707 -3.723412 3.082234 0.310902 -0.335404 0.740254
-1 1478511897.851603 -13.361816 -3.738857 3.093752 0.311283 -0.333636 0.739579
-1 1478511897.861368 -13.40265 -3.731062 3.024987 0.309327 -0.327213 0.739371
-1 1478511897.871425 -13.451377 -3.776304 2.993187 0.310244 -0.32034 0.73859
-1 1478511897.881388 -13.430914 -3.810556 2.855107 0.306961 -0.314026 0.739406
-1 1478511897.891894 -13.358862 -3.816374 2.757202 0.304433 -0.310703 0.739069
-1 1478511897.901772 -13.233239 -3.806819 2.694453 0.302565 -0.309469 0.736837
-1 1478511897.911587 -13.09904 -3.76067 2.679642 0.30172 -0.309158 0.735356
-1 1478511897.921640 -13.007608 -3.680582 2.70536 0.301012 -0.312603 0.734828
-1 1478511897.931829 -13.028723 -3.583802 2.740184 0.300035 -0.318759 0.740514
-1 1478511897.942287 -13.111457 -3.542891 2.836506 0.302611 -0.32417 0.746798
-1 1478511897.951973 -13.232175 -3.512815 2.92727 0.304983 -0.327726 0.750434
-1 1478511897.961841 -13.383259 -3.516725 2.901238 0.303148 -0.327304 0.753902
-1 1478511897.971936 -13.472019 -3.560385 2.877054 0.30213 -0.325173 0.751474
-1 1478511897.982045 -13.523691 -3.569185 2.765903 0.298123 -0.321092 0.749786
-1 1478511897.992332 -13.502294 -3.60215 2.636075 0.295054 -0.316178 0.747865
-1 1478511898.002410 -13.338 -3.691041 2.584336 0.295875 -0.313963 0.7399
-1 1478511898.012211 -13.21557 -3.709076 2.570793 0.296393 -0.315118 0.736085
-1 1478511898.022230 -13.161692 -3.739091 2.61974 0.299093 -0.318968 0.735403
-1 1478511898.032476 -13.183003 -3.763549 2.751206 0.304353 -0.323115 0.737235
-1 1478511898.042548 -13.189214 -3.748508 2.879601 0.30828 -0.326348 0.738102
-1 1478511898.052797 -13.304213 -3.70582 2.864512 0.306073 -0.328547 0.743401
-1 1478511898.062601 -13.390186 -3.704778 2.912382 0.307327 -0.328262 0.744437
-1 1478511898.072647 -13.458896 -3.729666 2.882644 0.30687 -0.325249 0.745155
-1 1478511898.082808 -13.482651 -3.727987 2.837895 0.305638 -0.321151 0.745694
-1 1478511898.092991 -13.486267 -3.699157 2.784303 0.303668 -0.317393 0.74778
-1 1478511898.102878 -13.441745 -3.686234 2.761539 0.303001 -0.314517 0.748771
-1 1478511898.112939 -13.390895 -3.667964 2.779413 0.303299 -0.314566 0.747929
-1 1478511898.122847 -13.404411 -3.578578 2.772948 0.301584 -0.317062 0.751819
-1 1478511898.133020 -13.349091 -3.572654 2.795207 0.302355 -0.319242 0.751815
-1 1478511898.143380 -13.346069 -3.536921 2.850361 0.303575 -0.322545 0.753353
-1 1478511898.153202 -13.398594 -3.51225 2.863439 0.303008 -0.326047 0.756523
-1 1478511898.163239 -13.398951 -3.538299 2.901205 0.30446 -0.326782 0.754382
-1 1478511898.173112 -13.381794 -3.584575 2.860859 0.302879 -0.325604 0.749766
-1 1478511898.183223 -13.386938 -3.600038 2.797419 0.299696 -0.322586 0.746398
-1 1478511898.193624 -13.373599 -3.639738 2.7974 0.299778 -0.320305 0.741878
-1 1478511898.203632 -13.340577 -3.682096 2.804984 0.301398 -0.319978 0.738624
-1 1478511898.213341 -13.295504 -3.742554 2.739372 0.300768 -0.319095 0.73703
-1 1478511898.223694 -13.239442 -3.738763 2.697329 0.299504 -0.317574 0.735901
-1 1478511898.233489 -13.1576 -3.7423 2.748612 0.301663 -0.317814 0.732765
-1 1478511898.243900 -13.206884 -3.691659 2.792945 0.302647 -0.320123 0.737125
-1 1478511898.253712 -13.253719 -3.671767 2.855 0.30403 -0.321716 0.73967
-1 1478511898.263837 -13.263074 -3.672408 2.912668 0.305676 -0.321885 0.740121
-1 1478511898.273715 -13.293796 -3.665578 2.929645 0.306273 -0.32157 0.741672
-1 1478511898.283876 -13.329538 -3.654764 2.920487 0.306244 -0.32107 0.743894
-1 1478511898.294116 -13.35972 -3.646568 2.899679 0.306012 -0.319617 0.746154
-1 1478511898.304207 -13.322547 -3.650849 2.874182 0.305456 -0.317389 0.744874
-1 1478511898.314084 -13.2769 -3.608006 2.783914 0.30164 -0.316215 0.745282
-1 1478511898.324076 -13.228077 -3.607789 2.736351 0.300231 -0.316502 0.745005
-1 1478511898.333903 -13.180734 -3.572941 2.729258 0.299743 -0.317266 0.745714
-1 1478511898.344534 -13.135401 -3.562086 2.732761 0.299464 -0.319357 0.7443
-1 1478511898.354143 -13.132399 -3.523953 2.762769 0.299541 -0.321608 0.744114
-1 1478511898.364345 -13.124843 -3.57383 2.8102 0.301283 -0.323955 0.740241
-1 1478511898.374291 -13.183909 -3.618399 2.833069 0.30228 -0.32604 0.739147
-1 1478511898.384215 -13.207257 -3.626094 2.905154 0.304842 -0.325504 0.736755
-1 1478511898.394746 -13.206701 -3.658836 2.841757 0.302752 -0.323069 0.735398
-1 1478511898.404519 -13.180295 -3.699568 2.803357 0.302428 -0.320469 0.733701
-1 1478511898.414487 -13.172071 -3.720601 2.766883 0.301693 -0.319108 0.732575
-1 1478511898.424572 -13.134979 -3.735714 2.763331 0.30203 -0.318273 0.731321
-1 1478511898.434965 -13.111241 -3.709321 2.809488 0.30413 -0.317802 0.732649
-1 1478511898.444817 -13.111611 -3.695965 2.801596 0.303719 -0.318212 0.735496
-1 1478511898.454729 -13.149107 -3.70652 2.861541 0.305897 -0.320012 0.73747
-1 1478511898.464793 -13.215342 -3.671013 2.888301 0.30602 -0.321322 0.741781
-1 1478511898.474995 -13.247268 -3.68042 2.941603 0.307851 -0.322481 0.742158
-1 1478511898.485197 -13.271068 -3.622054 2.921158 0.306417 -0.321833 0.745414
-1 1478511898.495449 -13.215016 -3.633525 2.881205 0.305529 -0.319808 0.744576
-1 1478511898.505310 -13.216913 -3.578198 2.8367 0.303317 -0.319296 0.746431
-1 1478511898.515337 -13.254177 -3.550853 2.822135 0.302345 -0.319096 0.747045
-1 1478511898.525415 -13.251323 -3.55151 2.761295 0.300017 -0.317067 0.746812
-1 1478511898.535885 -13.19645 -3.570702 2.745389 0.300023 -0.316903 0.744344
-1 1478511898.546333 -13.118696 -3.58186 2.828763 0.30379 -0.318235 0.740753
