-1 1474987373.590932 -0.560515 0.826868 -2.059891 -0.097951 -0.006406 0.105321
-1 1474987373.600662 -0.778965 0.885598 -2.119905 -0.099076 -0.01014 0.114798
-1 1474987373.610629 -0.876348 0.891964 -2.104679 -0.097342 -0.004329 0.118324
-1 1474987373.620911 -0.88409 0.879335 -2.033305 -0.095707 0.002408 0.115398
-1 1474987373.631054 -0.897126 0.903641 -1.943382 -0.096297 0.008123 0.110732
-1 1474987373.640630 -0.895658 0.958417 -1.824778 -0.094961 0.013203 0.107763
-1 1474987373.650743 -0.793395 0.985124 -1.711174 -0.094037 0.015552 0.106369
-1 1474987373.660871 -0.632101 1.011321 -1.699238 -0.093608 0.012651 0.103139
-1 1474987373.671227 -0.537398 1.00111 -1.754188 -0.092929 0.006444 0.101351
-1 1474987373.681147 -0.544124 1.04772 -1.838708 -0.094969 -0.000961 0.099714
-1 1474987373.690870 -0.639868 1.039048 -1.934879 -0.095686 -0.004996 0.102903
-1 1474987373.701141 -0.702836 0.977244 -2.011053 -0.098078 -0.004603 0.10695
-1 1474987373.711148 -0.751217 0.886411 -2.00677 -0.094768 -0.001536 0.109968
-1 1474987373.721530 -0.772074 0.849015 -1.963996 -0.093029 0.00468 0.106783
-1 1474987373.731465 -0.731873 0.854178 -1.8747 -0.08914 0.010129 0.100936
-1 1474987373.741240 -0.697426 0.933238 -1.823205 -0.089217 0.011435 0.094161
-1 1474987373.751353 -0.647713 0.97313 -1.816041 -0.089919 0.009195 0.092077
-1 1474987373.761517 -0.665141 0.998356 -1.825529 -0.09109 0.004057 0.094497
-1 1474987373.771777 -0.685339 0.972118 -1.843414 -0.090811 0.000793 0.098074
-1 1474987373.781898 -0.681096 0.896791 -1.883838 -0.091775 -0.001027 0.102219
-1 1474987373.791489 -0.735454 0.836152 -1.934588 -0.093615 -0.004428 0.108815
-1 1474987373.801527 -0.809536 0.797034 -1.965591 -0.095963 -0.005624 0.11723
-1 1474987373.811718 -0.827355 0.780699 -1.941565 -0.094552 -0.003703 0.121296
-1 1474987373.822056 -0.85449 0.82085 -1.888598 -0.090791 -0.002977 0.119584
-1 1474987373.832210 -0.873661 0.876659 -1.854031 -0.090611 -0.001006 0.115836
-1 1474987373.841880 -0.895203 0.955381 -1.852982 -0.091606 0.002692 0.1105
-1 1474987373.851905 -0.862139 0.983838 -1.847949 -0.092068 0.007177 0.103201
-1 1474987373.862096 -0.754041 1.006872 -1.823123 -0.093061 0.009019 0.096572
-1 1474987373.872544 -0.670339 0.994548 -1.793271 -0.092131 0.007137 0.095114
-1 1474987373.882442 -0.64627 0.961248 -1.792934 -0.091552 0.003032 0.096023
-1 1474987373.892209 -0.644675 0.964995 -1.83978 -0.092302 -0.001323 0.09792
-1 1474987373.902201 -0.677492 0.93156 -1.898417 -0.092849 -0.00357 0.104051
-1 1474987373.912246 -0.761673 0.955317 -1.980129 -0.095583 -0.005057 0.106804
-1 1474987373.922825 -0.835706 0.947217 -2.024071 -0.095155 -0.003168 0.106785
-1 1474987373.932522 -0.866712 0.939406 -2.024211 -0.093388 0.000377 0.104913
-1 1474987373.942450 -0.825741 0.930892 -1.982527 -0.092862 0.004945 0.102916
-1 1474987373.952813 -0.761981 0.984542 -1.944862 -0.094518 0.007743 0.099805
-1 1474987373.962517 -0.779344 1.027373 -1.903894 -0.096175 0.006188 0.101416
-1 1474987373.972949 -0.810672 1.045004 -1.883673 -0.097245 0.003322 0.103757
-1 1474987373.982952 -0.831085 1.015531 -1.871815 -0.09522 0.000314 0.107576
-1 1474987373.992662 -0.86062 0.964566 -1.877163 -0.093867 -0.002646 0.113835
-1 1474987374.002793 -0.861765 0.888634 -1.915772 -0.094429 -0.002045 0.117522
-1 1474987374.012915 -0.878799 0.830915 -1.949621 -0.093129 -0.000647 0.118685
-1 1474987374.023216 -0.881258 0.811964 -1.958198 -0.09218 0.001453 0.115636
-1 1474987374.033042 -0.892565 0.829035 -1.935658 -0.088841 0.003418 0.11013
-1 1474987374.042996 -0.855201 0.820904 -1.89543 -0.087805 0.005593 0.104579
-1 1474987374.053102 -0.769852 0.848146 -1.872095 -0.088546 0.006823 0.099263
-1 1474987374.063105 -0.739171 0.90007 -1.885015 -0.091114 0.005526 0.097601
-1 1474987374.073445 -0.741506 0.96025 -1.905117 -0.093733 0.002673 0.097851
-1 1474987374.083453 -0.757803 1.001711 -1.93797 -0.095348 0.00113 0.099313
-1 1474987374.093201 -0.785599 1.000284 -1.941279 -0.097029 -0.001527 0.103902
-1 1474987374.103527 -0.813168 0.946057 -1.910489 -0.095834 -0.002871 0.110488
-1 1474987374.113377 -0.814809 0.922791 -1.931655 -0.095101 -0.000116 0.111146
-1 1474987374.123789 -0.820575 0.970385 -1.947021 -0.096137 0.000611 0.106679
-1 1474987374.133811 -0.811836 0.988419 -1.929781 -0.094824 0.000261 0.103795
-1 1474987374.143570 -0.78217 1.011411 -1.910207 -0.096153 0.000145 0.102315
-1 1474987374.153862 -0.787523 1.030294 -1.900596 -0.097587 -0.000744 0.103865
-1 1474987374.163642 -0.81603 0.998611 -1.896127 -0.095762 -0.00236 0.108789
-1 1474987374.174108 -0.836638 0.969017 -1.882696 -0.096662 -0.003488 0.112661
-1 1474987374.184125 -0.872359 0.942606 -1.848635 -0.093647 -0.004506 0.116089
-1 1474987374.193899 -0.859481 0.909907 -1.822943 -0.092565 -0.003134 0.115287
-1 1474987374.203994 -0.821897 0.864587 -1.824484 -0.091414 -0.000258 0.112355
-1 1474987374.214014 -0.769085 0.816298 -1.823447 -0.08966 0.00127 0.110001
-1 1474987374.224375 -0.733296 0.848618 -1.828818 -0.090273 0.000088 0.106791
-1 1474987374.234500 -0.723034 0.878869 -1.84915 -0.090681 -0.000727 0.103409
-1 1474987374.244223 -0.7046 0.912343 -1.876736 -0.091391 -0.001349 0.100104
-1 1474987374.254375 -0.686594 0.939583 -1.913237 -0.093382 -0.002828 0.099373
-1 1474987374.264417 -0.763524 0.959089 -1.93898 -0.095507 -0.00532 0.102681
-1 1474987374.274845 -0.851085 0.958077 -1.951501 -0.097936 -0.008339 0.108688
-1 1474987374.284783 -0.93647 0.969411 -1.95965 -0.097388 -0.008115 0.111667
-1 1474987374.294731 -0.877419 0.913523 -1.935631 -0.096451 -0.002883 0.111796
-1 1474987374.304709 -0.826088 0.910547 -1.922484 -0.09819 -0.002604 0.112502
-1 1474987374.314871 -0.903844 0.963054 -1.952451 -0.100698 -0.007903 0.115607
-1 1474987374.325143 -1.0486 1.151679 -1.954993 -0.098387 -0.011465 0.114685
-1 1474987374.335158 -1.024119 1.197468 -1.923922 -0.094847 -0.005171 0.109027
-1 1474987374.344983 -0.924688 1.104069 -1.859713 -0.091337 0.002101 0.10377
-1 1474987374.355062 -0.849971 0.936699 -1.787514 -0.089291 0.006103 0.10399
-1 1474987374.365097 -0.801511 0.814313 -1.742908 -0.088336 0.009807 0.106692
-1 1474987374.375251 -0.643514 0.731297 -1.732249 -0.087317 0.013856 0.107641
-1 1474987374.385540 -0.510051 0.768652 -1.798315 -0.089116 0.009952 0.102754
-1 1474987374.395156 -0.566088 0.829835 -1.914924 -0.093919 -0.002805 0.102929
-1 1474987374.405263 -0.776992 0.924835 -2.035018 -0.098039 -0.014755 0.109243
-1 1474987374.415244 -0.926684 0.972788 -2.105283 -0.099203 -0.016474 0.115757
-1 1474987374.425490 -0.96755 0.937905 -2.134064 -0.096949 -0.008587 0.116298
-1 1474987374.435337 -0.968301 0.893578 -2.078828 -0.095943 -0.001295 0.113757
-1 1474987374.445338 -0.954361 0.87375 -1.948236 -0.095662 0.003776 0.110822
-1 1474987374.455376 -0.925727 0.945107 -1.819925 -0.094432 0.007036 0.107279
-1 1474987374.465578 -0.789477 1.00523 -1.740309 -0.09466 0.009349 0.104256
-1 1474987374.475782 -0.687519 1.055145 -1.755725 -0.092483 0.006613 0.102247
-1 1474987374.485745 -0.730241 1.112894 -1.836315 -0.095211 0.000624 0.10215
-1 1474987374.495631 -0.826282 1.069326 -1.911774 -0.094856 -0.001937 0.105395
-1 1474987374.505764 -0.864927 0.990014 -1.967316 -0.096127 -0.000582 0.107062
-1 1474987374.515804 -0.838611 0.877432 -1.947336 -0.093215 0.002129 0.109421
-1 1474987374.526108 -0.794227 0.829998 -1.893501 -0.091651 0.006161 0.107294
-1 1474987374.535917 -0.747844 0.835184 -1.840041 -0.089304 0.010669 0.102215
-1 1474987374.546124 -0.695811 0.933951 -1.823579 -0.090267 0.009836 0.095684
-1 1474987374.556026 -0.684277 1.000833 -1.823903 -0.091566 0.004857 0.092986
-1 1474987374.566224 -0.716529 1.032539 -1.862241 -0.09192 0.001797 0.094143
-1 1474987374.576558 -0.703514 1.00105 -1.902767 -0.093695 0.002567 0.096207
-1 1474987374.586335 -0.721599 0.925218 -1.910306 -0.093093 0.000552 0.101781
-1 1474987374.596252 -0.752946 0.838656 -1.929546 -0.094551 -0.002701 0.108663
-1 1474987374.606369 -0.787265 0.775779 -1.942556 -0.093907 -0.004194 0.114823
-1 1474987374.616497 -0.826605 0.791521 -1.913975 -0.092551 -0.005117 0.117976
-1 1474987374.626836 -0.826519 0.81371 -1.853324 -0.08948 -0.004279 0.11723
-1 1474987374.636622 -0.821014 0.880247 -1.821722 -0.089696 -0.002174 0.112374
-1 1474987374.646648 -0.86392 0.937053 -1.81553 -0.091361 0.000328 0.109925
-1 1474987374.656586 -0.865188 1.019732 -1.795812 -0.092772 0.003114 0.105247
-1 1474987374.666831 -0.803591 1.069055 -1.749349 -0.091908 0.005208 0.101496
-1 1474987374.677177 -0.693029 1.032282 -1.740901 -0.093376 0.006173 0.100438
-1 1474987374.686861 -0.656186 0.989814 -1.757377 -0.091418 0.003294 0.101296
-1 1474987374.697004 -0.64879 0.950589 -1.802053 -0.09185 -0.000741 0.102658
-1 1474987374.707063 -0.648698 0.898211 -1.838619 -0.09041 -0.003426 0.103618
-1 1474987374.717041 -0.680821 0.872756 -1.886158 -0.089967 -0.004452 0.102928
-1 1474987374.727369 -0.720336 0.882252 -1.947258 -0.091173 -0.001872 0.101023
-1 1474987374.737127 -0.727992 0.89409 -1.964348 -0.092069 0.002624 0.098774
-1 1474987374.747310 -0.696836 0.890494 -1.9234 -0.091561 0.006655 0.096511
-1 1474987374.757232 -0.657504 0.942386 -1.866938 -0.091329 0.007041 0.09504
-1 1474987374.767483 -0.660389 0.953386 -1.837012 -0.091749 0.005249 0.097112
-1 1474987374.777964 -0.719824 0.957635 -1.84333 -0.093222 0.002244 0.102074
-1 1474987374.787588 -0.787792 0.926601 -1.82216 -0.091425 -0.001552 0.10886
-1 1474987374.797829 -0.795234 0.893269 -1.821836 -0.091476 -0.005046 0.112124
-1 1474987374.807890 -0.822654 0.83156 -1.834483 -0.09181 -0.007711 0.116291
-1 1474987374.817755 -0.87627 0.806045 -1.841012 -0.091477 -0.008175 0.11985
-1 1474987374.828198 -0.907974 0.839516 -1.845504 -0.090589 -0.005679 0.11907
-1 1474987374.837939 -0.883452 0.885967 -1.82452 -0.089222 -0.002595 0.112413
-1 1474987374.848047 -0.84055 0.909474 -1.818186 -0.088621 -0.001265 0.104465
-1 1474987374.858157 -0.833237 0.95347 -1.802306 -0.087612 -0.00114 0.099394
-1 1474987374.868111 -0.768827 0.942739 -1.768103 -0.086616 0.001048 0.096364
-1 1474987374.878505 -0.669254 0.937913 -1.779611 -0.088209 0.003667 0.092879
-1 1474987374.888177 -0.583941 0.885827 -1.793387 -0.087462 0.001675 0.093468
-1 1474987374.898257 -0.58679 0.860073 -1.832145 -0.089413 -0.003404 0.096192
-1 1474987374.908273 -0.640953 0.877469 -1.879068 -0.09115 -0.004581 0.101054
-1 1474987374.918537 -0.663227 0.852138 -1.923535 -0.091539 -0.002137 0.101793
-1 1474987374.929443 -0.662239 0.75273 -1.941281 -0.091058 -0.00248 0.103813
-1 1474987374.938831 -0.740028 0.741366 -1.928386 -0.094328 -0.007189 0.112383
-1 1474987374.948614 -0.881663 0.848888 -1.892434 -0.094609 -0.008106 0.120119
-1 1474987374.958636 -0.971811 1.058194 -1.873798 -0.094072 -0.001337 0.114318
-1 1474987374.968701 -0.90043 1.176164 -1.835506 -0.09353 0.004473 0.102221
-1 1474987374.979221 -0.873574 1.161776 -1.799854 -0.09393 0.003775 0.097255
-1 1474987374.988843 -0.852537 1.045962 -1.743742 -0.092632 0.00771 0.101497
-1 1474987374.998860 -0.666636 0.918796 -1.66736 -0.089008 0.015579 0.103629
-1 1474987375.008931 -0.459206 0.799782 -1.699746 -0.087111 0.015409 0.099675
-1 1474987375.018899 -0.419225 0.779796 -1.835021 -0.090795 0.002485 0.099544
-1 1474987375.030223 -0.61642 0.848591 -2.011883 -0.096172 -0.011905 0.106659
-1 1474987375.039084 -0.840895 0.91918 -2.095774 -0.097347 -0.015284 0.112195
-1 1474987375.049379 -0.901306 0.946851 -2.060887 -0.095082 -0.009362 0.110246
-1 1474987375.059314 -0.894669 0.869778 -1.999017 -0.091781 -0.00162 0.107327
-1 1474987375.069366 -0.898532 0.879141 -1.946987 -0.092978 0.004413 0.103213
-1 1474987375.079662 -0.880918 0.910851 -1.859495 -0.092656 0.009564 0.101447
-1 1474987375.089479 -0.775821 0.949097 -1.784506 -0.092843 0.01274 0.098829
-1 1474987375.099470 -0.647561 0.962761 -1.761647 -0.094006 0.009548 0.097676
-1 1474987375.109621 -0.637827 1.000988 -1.818512 -0.094012 0.000346 0.101382
-1 1474987375.119656 -0.683718 1.051474 -1.922396 -0.096638 -0.004046 0.104084
-1 1474987375.130093 -0.780746 1.046077 -1.972063 -0.09668 -0.006022 0.107696
-1 1474987375.139868 -0.868564 0.976283 -2.008374 -0.097994 -0.005224 0.111833
-1 1474987375.149896 -0.952359 0.87668 -2.026454 -0.096958 -0.000088 0.115262
-1 1474987375.159998 -0.963898 0.814281 -1.953831 -0.093823 0.005164 0.116221
-1 1474987375.170054 -0.843921 0.821878 -1.841606 -0.09095 0.010627 0.110131
-1 1474987375.180307 -0.762666 0.868959 -1.797035 -0.089894 0.010922 0.10337
-1 1474987375.190176 -0.717031 0.932792 -1.811975 -0.091532 0.005847 0.099658
-1 1474987375.200151 -0.698637 0.979796 -1.870266 -0.09283 0.001845 0.099387
-1 1474987375.210246 -0.723911 0.940224 -1.925063 -0.093748 0.000162 0.102988
-1 1474987375.220418 -0.721734 0.889189 -1.957596 -0.093819 0.000041 0.106338
-1 1474987375.231051 -0.727919 0.798737 -1.991848 -0.094525 0.001165 0.110192
-1 1474987375.240387 -0.75846 0.778809 -1.99238 -0.096319 0.0011 0.113996
-1 1474987375.250439 -0.778028 0.812466 -1.961738 -0.095152 0.001677 0.115982
-1 1474987375.260451 -0.816709 0.821771 -1.933897 -0.093487 0.00221 0.114699
-1 1474987375.270860 -0.912084 0.942545 -1.91312 -0.093298 -0.000608 0.109888
-1 1474987375.280803 -0.955758 1.015613 -1.889687 -0.09518 -0.00241 0.106472
-1 1474987375.290658 -0.970474 1.064331 -1.87922 -0.094995 -0.001911 0.104047
-1 1474987375.300583 -0.917264 1.050718 -1.872331 -0.096725 0.000798 0.104156
-1 1474987375.310760 -0.856485 1.037408 -1.863547 -0.096462 0.00108 0.105358
-1 1474987375.321240 -0.759726 0.98478 -1.873707 -0.09707 0.00223 0.10625
-1 1474987375.331167 -0.724155 0.958613 -1.893735 -0.096573 0.000637 0.107302
-1 1474987375.341031 -0.772627 0.894604 -1.903144 -0.093837 -0.002789 0.110929
-1 1474987375.351295 -0.811747 0.900096 -1.939476 -0.094109 -0.003391 0.108978
-1 1474987375.361058 -0.868278 0.870123 -1.94419 -0.091619 -0.002624 0.108542
-1 1474987375.371330 -0.8737 0.892445 -1.946345 -0.092773 -0.00117 0.104903
-1 1474987375.381469 -0.845866 0.879813 -1.944235 -0.092863 0.002125 0.101874
-1 1474987375.391324 -0.84083 0.88129 -1.924955 -0.092641 0.00383 0.102169
-1 1474987375.401298 -0.787999 0.885178 -1.884791 -0.093801 0.002907 0.104651
-1 1474987375.411440 -0.79058 0.904942 -1.881373 -0.093781 0.00013 0.107533
-1 1474987375.422041 -0.816868 0.901874 -1.907719 -0.096111 -0.001977 0.111232
-1 1474987375.431994 -0.845137 0.900569 -1.917433 -0.095315 -0.00352 0.114826
-1 1474987375.441786 -0.857958 0.880632 -1.935615 -0.096415 -0.003392 0.115851
-1 1474987375.451760 -0.853813 0.856666 -1.940117 -0.094761 -0.001402 0.115267
-1 1474987375.462034 -0.842403 0.863821 -1.92612 -0.095136 0.000449 0.114082
-1 1474987375.472523 -0.831639 0.883127 -1.896682 -0.092577 0.002247 0.111043
-1 1474987375.482437 -0.813369 0.964821 -1.881534 -0.092012 0.004096 0.104304
-1 1474987375.492214 -0.788628 0.996683 -1.864614 -0.094082 0.004044 0.100759
-1 1474987375.502365 -0.771056 1.006785 -1.854639 -0.095324 0.003068 0.100451
-1 1474987375.512329 -0.759237 1.002148 -1.857222 -0.094962 0.00242 0.101839
-1 1474987375.522732 -0.744599 0.976915 -1.853165 -0.094103 0.000174 0.103107
-1 1474987375.532669 -0.709954 0.967325 -1.879442 -0.094817 -0.001576 0.102364
-1 1474987375.542394 -0.757188 0.957068 -1.931574 -0.094098 -0.003336 0.103907
-1 1474987375.552527 -0.819944 0.957405 -1.95888 -0.094972 -0.003139 0.10493
-1 1474987375.562499 -0.82618 0.915861 -1.958178 -0.093826 0.000415 0.104722
-1 1474987375.573057 -0.800553 0.85845 -1.970429 -0.093183 0.00485 0.102633
-1 1474987375.582914 -0.762686 0.832634 -1.942353 -0.092087 0.005383 0.102119
-1 1474987375.592699 -0.783161 0.888229 -1.921702 -0.093444 0.003249 0.102534
-1 1474987375.602938 -0.790775 0.903885 -1.921721 -0.093757 0.001758 0.104512
-1 1474987375.612632 -0.790699 0.910182 -1.91292 -0.094185 -0.000653 0.108735
-1 1474987375.623266 -0.840251 0.916793 -1.928403 -0.096194 -0.001966 0.113559
-1 1474987375.633233 -0.872456 0.848746 -1.944744 -0.093736 0.00176 0.115913
-1 1474987375.642798 -0.807685 0.744956 -1.937931 -0.092517 0.005182 0.115422
-1 1474987375.652829 -0.771754 0.694168 -1.916596 -0.092984 0.001327 0.116538
-1 1474987375.663128 -0.891873 0.807499 -1.914319 -0.095156 -0.005341 0.119683
-1 1474987375.673745 -1.001165 1.021354 -1.928774 -0.094316 -0.005318 0.116393
-1 1474987375.684420 -0.907803 1.109613 -1.884877 -0.090424 0.001574 0.10315
-1 1474987375.693451 -0.842613 1.0888 -1.831407 -0.089344 0.00381 0.094648
-1 1474987375.703597 -0.857506 0.967775 -1.782523 -0.089473 0.004361 0.097551
-1 1474987375.713762 -0.754115 0.890958 -1.733995 -0.088444 0.009477 0.099313
-1 1474987375.724010 -0.512719 0.818669 -1.774018 -0.089359 0.015428 0.094491
-1 1474987375.734262 -0.387644 0.845874 -1.853144 -0.09161 0.009432 0.09031
-1 1474987375.743856 -0.535535 0.920746 -1.961872 -0.097042 -0.004715 0.096929
-1 1474987375.753973 -0.81344 1.028441 -2.092441 -0.101119 -0.014766 0.105321
-1 1474987375.764002 -0.957968 1.062828 -2.140415 -0.101824 -0.013875 0.111549
-1 1474987375.774488 -0.957403 1.023065 -2.140886 -0.099284 -0.006279 0.111978
-1 1474987375.784472 -0.950156 0.967305 -2.103203 -0.098436 0.000601 0.10875
-1 1474987375.794364 -0.988699 0.990684 -1.980168 -0.099433 0.003764 0.109704
-1 1474987375.804286 -0.991005 1.016132 -1.835994 -0.098793 0.005698 0.113501
-1 1474987375.814549 -0.857573 0.990966 -1.746342 -0.094655 0.007746 0.112869
-1 1474987375.824760 -0.726679 0.96351 -1.715703 -0.092748 0.004145 0.111197
-1 1474987375.834808 -0.717681 0.987127 -1.719904 -0.092131 -0.002444 0.112349
-1 1474987375.844652 -0.790477 1.032887 -1.788864 -0.092582 -0.006644 0.113399
-1 1474987375.854707 -0.840533 0.946381 -1.896456 -0.094718 -0.007332 0.114159
-1 1474987375.864813 -0.857497 0.848964 -1.950161 -0.094034 -0.005683 0.115443
-1 1474987375.875275 -0.873263 0.764513 -1.980173 -0.096011 -0.000629 0.117791
-1 1474987375.885107 -0.896924 0.803122 -1.957797 -0.094008 0.004315 0.115098
-1 1474987375.894995 -0.828424 0.849643 -1.896146 -0.092867 0.007269 0.109179
-1 1474987375.905058 -0.829594 0.895351 -1.896781 -0.093099 0.004026 0.104187
-1 1474987375.915102 -0.862829 0.947149 -1.920539 -0.092831 -0.001378 0.101408
-1 1474987375.925401 -0.873555 1.00189 -1.948593 -0.094185 -0.003166 0.100207
-1 1474987375.935398 -0.868649 0.983316 -1.970564 -0.09425 -0.003104 0.100691
-1 1474987375.945264 -0.827154 0.936828 -1.991425 -0.095843 -0.003125 0.100328
-1 1474987375.955244 -0.864622 0.904515 -2.02375 -0.097376 -0.005613 0.103432
-1 1474987375.965471 -0.931443 0.901078 -2.000527 -0.09681 -0.008351 0.109647
-1 1474987375.975643 -0.953787 0.925906 -1.944305 -0.096768 -0.008552 0.113953
-1 1474987375.985489 -0.958545 0.943685 -1.935968 -0.095527 -0.005246 0.113631
-1 1474987375.995554 -0.95485 0.969772 -1.927442 -0.093821 -0.002015 0.110967
-1 1474987376.005562 -0.953429 0.999337 -1.906982 -0.094907 0.000587 0.108395
-1 1474987376.015683 -0.895105 0.982596 -1.865003 -0.092634 0.006301 0.105152
-1 1474987376.026092 -0.759455 0.937716 -1.809136 -0.09087 0.011065 0.10165
-1 1474987376.035728 -0.6671 0.886228 -1.795879 -0.089775 0.010804 0.099972
-1 1474987376.045869 -0.625326 0.863558 -1.805511 -0.089555 0.006373 0.10044
-1 1474987376.056031 -0.652898 0.857295 -1.869765 -0.09078 0.001664 0.103069
-1 1474987376.066098 -0.743782 0.847191 -1.963008 -0.092751 -0.002428 0.108428
-1 1474987376.076439 -0.803706 0.827693 -2.027576 -0.093573 -0.00434 0.11154
-1 1474987376.086085 -0.856754 0.80538 -2.0727 -0.093646 -0.002072 0.111297
-1 1474987376.096074 -0.914911 0.845292 -2.070409 -0.0942 0.001009 0.108993
-1 1474987376.106395 -0.893699 0.872025 -2.01139 -0.093723 0.00504 0.105104
-1 1474987376.116389 -0.85378 0.912208 -1.923818 -0.093527 0.006705 0.101046
-1 1474987376.126711 -0.790146 0.97689 -1.874095 -0.093082 0.006208 0.098119
-1 1474987376.136509 -0.755683 0.985182 -1.848676 -0.09328 0.004509 0.100614
-1 1474987376.146526 -0.769512 1.017497 -1.876054 -0.096159 0.001527 0.103024
-1 1474987376.156644 -0.786052 0.9884 -1.904645 -0.095254 -0.000444 0.106958
-1 1474987376.166753 -0.828706 0.940447 -1.931703 -0.094505 -0.003048 0.111049
-1 1474987376.176983 -0.866087 0.895783 -1.948838 -0.094072 -0.002398 0.113196
-1 1474987376.186807 -0.826334 0.880663 -1.919715 -0.090802 0.002413 0.110371
-1 1474987376.196867 -0.758354 0.897474 -1.864978 -0.088695 0.007392 0.104842
-1 1474987376.206903 -0.703436 0.921173 -1.825885 -0.089073 0.010119 0.099254
-1 1474987376.217039 -0.656554 0.901719 -1.813443 -0.089338 0.01063 0.096871
-1 1474987376.227373 -0.640065 0.920549 -1.840288 -0.092486 0.009165 0.097116
-1 1474987376.237080 -0.654059 0.922634 -1.864766 -0.092049 0.007176 0.099558
-1 1474987376.247182 -0.643963 0.891069 -1.880709 -0.092851 0.00357 0.102923
-1 1474987376.257246 -0.713323 0.833624 -1.890998 -0.094991 -0.001186 0.111074
-1 1474987376.267355 -0.810909 0.772323 -1.888298 -0.093206 -0.00138 0.120178
-1 1474987376.277730 -0.798858 0.71269 -1.870099 -0.089997 0.004875 0.122331
-1 1474987376.287294 -0.582049 0.690359 -1.826271 -0.090114 0.010512 0.11261
-1 1474987376.297525 -0.086632 0.724429 -1.872957 -0.095135 0.009597 0.089453
-1 1474987376.307681 0.460642 0.789138 -2.22947 -0.110906 -0.004695 0.062502
-1 1474987376.317626 0.976463 0.853136 -2.846052 -0.133614 -0.037464 0.040184
-1 1474987376.328596 1.555626 0.893796 -3.637753 -0.155302 -0.08455 0.021497
-1 1474987376.337794 2.069669 0.831392 -4.582989 -0.177299 -0.139812 0.014274
-1 1474987376.347817 2.367779 0.764761 -5.609614 -0.201603 -0.204021 0.020951
-1 1474987376.357877 2.399002 0.633095 -6.634065 -0.222191 -0.266724 0.037831
-1 1474987376.367945 2.376924 0.468298 -7.597656 -0.243452 -0.325142 0.062456
-1 1474987376.378294 2.286208 0.278108 -8.483794 -0.263652 -0.383598 0.094295
-1 1474987376.388082 1.994299 0.060092 -9.236109 -0.276724 -0.438909 0.129546
-1 1474987376.398173 1.726548 -0.037067 -9.819542 -0.285447 -0.487311 0.156341
-1 1474987376.408138 1.658198 -0.165565 -10.280018 -0.290076 -0.529014 0.168944
-1 1474987376.418262 1.829942 -0.420756 -10.689134 -0.295393 -0.576224 0.176244
-1 1474987376.428651 2.203988 -0.760384 -11.167551 -0.30482 -0.633729 0.185544
-1 1474987376.438521 2.570423 -1.06939 -11.860273 -0.318515 -0.698043 0.196814
-1 1474987376.448423 2.98104 -1.295298 -12.703351 -0.339725 -0.767343 0.205634
-1 1474987376.458607 3.422047 -1.508918 -13.635828 -0.364964 -0.839478 0.209113
-1 1474987376.468422 3.802582 -1.657016 -14.643726 -0.394689 -0.917278 0.208095
-1 1474987376.478903 4.106601 -1.680366 -15.647754 -0.427919 -1.001826 0.203323
-1 1474987376.488660 4.276961 -1.630993 -16.609926 -0.459817 -1.091248 0.196457
-1 1474987376.498766 4.456471 -1.421801 -17.654241 -0.496945 -1.194128 0.180959
-1 1474987376.509002 4.640513 -1.220252 -18.773967 -0.535208 -1.301388 0.16365
-1 1474987376.518857 4.894116 -1.033694 -19.870048 -0.573205 -1.402586 0.151251
-1 1474987376.529700 5.163519 -0.907025 -21.004622 -0.609564 -1.497551 0.143335
-1 1474987376.539268 5.610316 -0.836914 -22.155978 -0.647182 -1.588156 0.132337
-1 1474987376.549338 6.083319 -0.80161 -23.339497 -0.684924 -1.677705 0.125049
-1 1474987376.559195 6.564774 -0.828444 -24.599452 -0.724125 -1.768355 0.120442
-1 1474987376.569149 6.991954 -0.866079 -25.888034 -0.766224 -1.864782 0.123858
-1 1474987376.579493 7.357165 -0.874986 -27.160011 -0.807581 -1.963072 0.136931
-1 1474987376.589440 7.64961 -0.905016 -28.496651 -0.845629 -2.057753 0.153692
-1 1474987376.599419 8.034432 -0.918806 -29.889738 -0.884297 -2.149553 0.167462
-1 1474987376.609474 8.564061 -0.960136 -31.230199 -0.921922 -2.239266 0.179115
-1 1474987376.619568 8.831036 -1.025608 -32.710203 -0.955374 -2.326299 0.198581
-1 1474987376.629692 9.434422 -1.071856 -34.168488 -0.996905 -2.410927 0.208527
-1 1474987376.639713 9.62071 -1.118835 -35.757561 -1.037676 -2.496975 0.234514
-1 1474987376.649871 9.909352 -1.230552 -37.31876 -1.081191 -2.579405 0.265779
-1 1474987376.659775 10.463894 -1.377096 -38.764167 -1.122009 -2.651664 0.290753
-1 1474987376.669971 11.131248 -1.623763 -40.168015 -1.157279 -2.715709 0.308869
-1 1474987376.680269 11.403526 -1.870955 -41.597183 -1.193594 -2.788008 0.341406
-1 1474987376.690334 11.763412 -2.056696 -42.928525 -1.235106 -2.861414 0.38096
-1 1474987376.700209 12.032128 -2.186 -44.242354 -1.273035 -2.930992 0.419286
-1 1474987376.710209 12.040665 -2.309721 -45.45706 -1.303386 -2.994944 0.459048
-1 1474987376.720508 12.154684 -2.446146 -46.538434 -1.328664 -3.049468 0.485943
-1 1474987376.730681 12.280304 -2.610876 -47.549853 -1.351666 -3.102923 0.505332
-1 1474987376.740493 12.584062 -2.699612 -48.459267 -1.380664 -3.160873 0.515202
-1 1474987376.750545 12.729104 -2.760326 -49.443176 -1.410536 -3.221387 0.52912
-1 1474987376.760496 12.671323 -2.774088 -50.459453 -1.438283 -3.277872 0.545784
-1 1474987376.770666 13.001612 -2.783821 -51.260312 -1.466504 -3.323414 0.549634
-1 1474987376.780876 13.097817 -2.822957 -51.966136 -1.485876 -3.360732 0.559264
-1 1474987376.790757 13.238456 -2.827965 -52.532594 -1.503254 -3.391399 0.564504
-1 1474987376.800701 13.321955 -2.780872 -53.00081 -1.518379 -3.417636 0.567562
-1 1474987376.810818 13.368698 -2.690744 -53.403788 -1.531941 -3.440603 0.568606
-1 1474987376.821140 13.453724 -2.618025 -53.75912 -1.543603 -3.459306 0.568551
-1 1474987376.831456 13.435524 -2.610557 -54.082441 -1.551348 -3.475428 0.572844
-1 1474987376.841077 13.292644 -2.714441 -54.338648 -1.553879 -3.488183 0.583975
-1 1474987376.851165 13.239333 -2.817261 -54.460596 -1.556808 -3.497387 0.591352
-1 1474987376.861220 13.152976 -2.866991 -54.527893 -1.559085 -3.504209 0.596835
-1 1474987376.871630 13.038279 -2.909022 -54.593266 -1.561145 -3.510758 0.60258
-1 1474987376.881419 12.881555 -2.894365 -54.715212 -1.563149 -3.517971 0.607201
-1 1474987376.891580 12.938439 -2.892601 -54.772063 -1.567001 -3.522859 0.606496
-1 1474987376.901500 12.904594 -2.861896 -54.860533 -1.568162 -3.526381 0.608084
-1 1474987376.911431 12.769872 -2.856382 -54.971615 -1.567569 -3.530259 0.612688
-1 1474987376.921756 12.820184 -2.886069 -55.044508 -1.569187 -3.533121 0.613227
-1 1474987376.931953 12.876109 -2.967558 -55.09307 -1.569417 -3.534949 0.61576
-1 1474987376.941503 12.878526 -3.043669 -55.117393 -1.569156 -3.536446 0.61916
-1 1474987376.951848 12.846596 -3.055491 -55.122518 -1.569409 -3.537686 0.620348
-1 1474987376.961701 12.75794 -3.092976 -55.126172 -1.567463 -3.537765 0.624359
-1 1474987376.971956 12.780461 -3.055483 -55.144084 -1.568563 -3.538205 0.62281
-1 1474987376.982012 12.822341 -3.055507 -55.179772 -1.569476 -3.539183 0.62211
-1 1474987376.991876 12.879577 -3.022452 -55.200476 -1.570475 -3.538978 0.620198
-1 1474987377.001834 12.933638 -2.981437 -55.22795 -1.571713 -3.539554 0.617681
-1 1474987377.011931 12.821899 -2.952647 -55.301991 -1.570199 -3.540746 0.620087
-1 1474987377.022210 12.923274 -2.941099 -55.338972 -1.571176 -3.540914 0.61785
-1 1474987377.032723 13.050962 -2.927493 -55.37167 -1.572087 -3.540457 0.614866
-1 1474987377.042232 13.150845 -2.930081 -55.391217 -1.572487 -3.540045 0.613001
-1 1474987377.052180 13.18141 -2.905525 -55.42423 -1.5735 -3.541047 0.611734
-1 1474987377.062312 13.371291 -2.848305 -55.4208 -1.577822 -3.541687 0.604482
-1 1474987377.072510 13.233367 -2.785734 -55.485893 -1.576524 -3.542649 0.606113
-1 1474987377.082633 13.367592 -2.763513 -55.483949 -1.578621 -3.542253 0.60192
-1 1474987377.092679 13.328802 -2.780882 -55.52838 -1.577477 -3.542831 0.604165
-1 1474987377.102541 13.398171 -2.835947 -55.544963 -1.577037 -3.542403 0.604949
-1 1474987377.112516 13.425448 -2.884767 -55.534166 -1.576153 -3.541833 0.606124
-1 1474987377.122820 13.435843 -2.896484 -55.524013 -1.575805 -3.541461 0.60629
-1 1474987377.133018 13.366697 -2.930025 -55.563842 -1.574301 -3.542618 0.60971
-1 1474987377.142736 13.429025 -2.983343 -55.573516 -1.573726 -3.542189 0.610552
-1 1474987377.153175 13.55766 -2.954286 -55.570659 -1.57588 -3.541898 0.606275
-1 1474987377.162810 13.538366 -2.911917 -55.627315 -1.575849 -3.542584 0.605796
-1 1474987377.173208 13.454574 -2.904529 -55.64692 -1.574588 -3.542679 0.607888
-1 1474987377.183120 13.513 -2.882167 -55.622234 -1.57618 -3.542735 0.60519
-1 1474987377.192969 13.558147 -2.885378 -55.60411 -1.575779 -3.541395 0.604453
-1 1474987377.203102 13.619496 -2.906037 -55.614202 -1.575696 -3.540911 0.604024
-1 1474987377.213131 13.723532 -2.876995 -55.677465 -1.577373 -3.54186 0.600807
-1 1474987377.223686 13.834443 -2.859079 -55.724781 -1.578583 -3.542026 0.597937
-1 1474987377.233485 13.912906 -2.868941 -55.745397 -1.578861 -3.541671 0.596664
-1 1474987377.243189 13.89713 -2.880237 -55.733885 -1.578468 -3.541511 0.597494
-1 1474987377.253287 13.80397 -2.88949 -55.69386 -1.577537 -3.54128 0.599729
-1 1474987377.263426 13.459032 -2.875472 -55.702985 -1.572603 -3.541376 0.607941
-1 1474987377.273927 13.582279 -2.865872 -55.645651 -1.575136 -3.540832 0.603915
-1 1474987377.283830 13.495118 -2.832468 -55.704215 -1.575039 -3.54243 0.604878
-1 1474987377.293570 13.500764 -2.82494 -55.731865 -1.575756 -3.543197 0.604216
-1 1474987377.303661 13.418212 -2.790155 -55.764808 -1.575134 -3.543639 0.605255
-1 1474987377.313815 13.218392 -2.741917 -55.785806 -1.572666 -3.54399 0.608531
-1 1474987377.323975 13.197715 -2.65317 -55.799391 -1.574186 -3.544915 0.605447
-1 1474987377.334125 13.462533 -2.617908 -55.767668 -1.57939 -3.545228 0.59684
-1 1474987377.343992 13.432968 -2.589997 -55.822939 -1.579147 -3.546225 0.596605
-1 1474987377.354585 13.498277 -2.608797 -55.837951 -1.579152 -3.545849 0.595848
-1 1474987377.364489 13.416916 -2.656455 -55.871396 -1.575548 -3.545027 0.600869
-1 1474987377.374593 13.671622 -2.681052 -55.834391 -1.578023 -3.543299 0.595593
-1 1474987377.384739 13.569173 -2.674284 -55.91108 -1.576065 -3.544491 0.599034
-1 1474987377.394523 13.638848 -2.646129 -55.955296 -1.577327 -3.545201 0.596731
-1 1474987377.404479 13.686226 -2.647021 -55.98569 -1.577904 -3.545734 0.595944
-1 1474987377.414642 13.707736 -2.667765 -55.978912 -1.577494 -3.545138 0.596292
-1 1474987377.424909 13.689293 -2.697548 -55.955584 -1.576623 -3.544529 0.597675
-1 1474987377.435111 13.555365 -2.767058 -55.941509 -1.573579 -3.544268 0.603606
-1 1474987377.445021 13.598957 -2.818538 -55.894993 -1.57369 -3.543521 0.604065
-1 1474987377.455058 13.474216 -2.848893 -55.891975 -1.571408 -3.543553 0.608408
-1 1474987377.464909 13.412202 -2.908731 -55.889586 -1.568743 -3.542717 0.612498
-1 1474987377.475172 13.427589 -2.919023 -55.896621 -1.568725 -3.542851 0.612542
-1 1474987377.485232 13.500858 -2.940226 -55.920131 -1.568886 -3.542769 0.612022
-1 1474987377.495212 13.361719 -2.903333 -55.979096 -1.567046 -3.543521 0.614771
-1 1474987377.505116 13.367971 -2.836019 -55.999499 -1.568393 -3.544092 0.612209
-1 1474987377.515161 13.546642 -2.811326 -55.976044 -1.571839 -3.543842 0.606489
-1 1474987377.525550 13.425996 -2.746804 -56.055354 -1.570772 -3.545014 0.6077
-1 1474987377.535464 13.449317 -2.711325 -56.073666 -1.571637 -3.545127 0.605932
-1 1474987377.545472 13.464564 -2.700573 -56.079408 -1.571901 -3.545201 0.605242
-1 1474987377.555662 13.452325 -2.638291 -56.075473 -1.572685 -3.545492 0.603072
-1 1474987377.565510 13.465017 -2.657063 -56.067348 -1.572272 -3.545126 0.603485
-1 1474987377.576409 13.46212 -2.654637 -56.07174 -1.572427 -3.545498 0.603242
-1 1474987377.585961 13.631919 -2.679555 -56.032583 -1.574831 -3.544987 0.599691
-1 1474987377.595751 13.413214 -2.710229 -56.068439 -1.571535 -3.546189 0.606569
-1 1474987377.605920 13.545033 -2.705563 -55.97882 -1.575227 -3.545748 0.601524
-1 1474987377.616082 13.303183 -2.723426 -55.950134 -1.572582 -3.546429 0.607836
-1 1474987377.626329 13.189632 -2.784081 -55.887797 -1.570465 -3.545693 0.612525
-1 1474987377.636163 13.165091 -2.861036 -55.846773 -1.568589 -3.544459 0.615844
-1 1474987377.646127 13.205865 -2.926303 -55.850979 -1.567775 -3.544085 0.617383
-1 1474987377.656132 13.262932 -2.954558 -55.864418 -1.567628 -3.543751 0.617474
-1 1474987377.666335 13.311453 -2.877125 -55.885448 -1.569104 -3.543824 0.6137
-1 1474987377.676641 13.308389 -2.802127 -55.895875 -1.570355 -3.544318 0.61093
-1 1474987377.686449 13.294402 -2.715418 -55.923967 -1.572126 -3.545545 0.607965
-1 1474987377.696486 13.131575 -2.663664 -55.98957 -1.570584 -3.547089 0.610507
-1 1474987377.706553 13.33634 -2.646372 -55.97352 -1.574088 -3.546816 0.604425
-1 1474987377.716478 13.47678 -2.697784 -55.953061 -1.57475 -3.545572 0.602994
-1 1474987377.727006 13.516523 -2.69928 -55.950135 -1.574689 -3.544291 0.602291
-1 1474987377.736731 13.593837 -2.683146 -55.923893 -1.57622 -3.54292 0.599413
-1 1474987377.746826 13.517143 -2.623668 -55.922173 -1.576981 -3.544672 0.598772
-1 1474987377.756873 13.628409 -2.584023 -55.847086 -1.579604 -3.543656 0.593677
-1 1474987377.766948 13.606591 -2.588819 -55.825674 -1.579117 -3.542883 0.594308
-1 1474987377.777249 13.762562 -2.683292 -55.819489 -1.579448 -3.542683 0.593899
-1 1474987377.786956 14.056132 -2.795492 -55.797439 -1.580976 -3.541405 0.590864
-1 1474987377.797079 13.99764 -2.876204 -55.847208 -1.577291 -3.540776 0.596324
-1 1474987377.807211 14.240776 -2.868217 -55.820204 -1.580434 -3.539678 0.589492
-1 1474987377.817163 14.413864 -2.783499 -55.860317 -1.584214 -3.540541 0.582157
-1 1474987377.827486 14.467821 -2.780138 -55.895726 -1.584951 -3.541184 0.58111
-1 1474987377.837309 14.57251 -2.822029 -55.869408 -1.585588 -3.540445 0.580215
-1 1474987377.847341 14.575412 -2.869918 -55.809747 -1.583704 -3.538171 0.582091
-1 1474987377.857478 14.689801 -2.864621 -55.749014 -1.584341 -3.535893 0.57904
-1 1474987377.867598 14.921747 -2.831275 -55.7447 -1.588289 -3.535771 0.571662
-1 1474987377.878264 15.184652 -2.71961 -55.813083 -1.594776 -3.538191 0.560859
-1 1474987377.887697 15.071819 -2.580639 -55.945849 -1.595866 -3.541388 0.559183
-1 1474987377.897822 15.23563 -2.476222 -55.92535 -1.60051 -3.541664 0.550588
-1 1474987377.907693 15.170514 -2.385236 -55.922953 -1.601768 -3.542515 0.548461
-1 1474987377.917907 15.280505 -2.356787 -55.854321 -1.604375 -3.541809 0.543706
-1 1474987377.928304 15.363348 -2.367294 -55.782387 -1.606354 -3.541335 0.540957
-1 1474987377.938166 14.411183 -2.384408 -55.782186 -1.614026 -3.565583 0.599876
-1 1474987377.948095 12.59337 -2.386632 -55.682868 -1.617455 -3.602908 0.707123
-1 1474987377.958149 11.052503 -2.415546 -55.339577 -1.603716 -3.615966 0.789088
-1 1474987377.968192 9.952492 -2.399909 -54.816475 -1.583654 -3.605161 0.840281
-1 1474987377.978728 8.957089 -2.328281 -54.287613 -1.55923 -3.585487 0.879019
-1 1474987377.988418 8.276779 -2.254606 -53.574524 -1.535736 -3.567348 0.904423
-1 1474987377.998546 7.553375 -2.181037 -52.737744 -1.503464 -3.530521 0.918989
-1 1474987378.008740 7.007291 -2.066697 -51.726813 -1.471475 -3.48126 0.916252
-1 1474987378.018755 6.373002 -1.919001 -50.46399 -1.431609 -3.43509 0.909872
-1 1474987378.029127 5.934251 -1.768793 -49.229781 -1.395558 -3.367214 0.890649
-1 1474987378.039010 5.417675 -1.603588 -48.068385 -1.360485 -3.282653 0.868348
-1 1474987378.048917 4.936062 -1.4651 -46.841213 -1.327127 -3.194322 0.845596
-1 1474987378.059017 4.474997 -1.324996 -45.557294 -1.296387 -3.104776 0.824085
-1 1474987378.069078 3.826926 -1.16118 -44.20831 -1.261507 -3.014619 0.808923
-1 1474987378.080273 3.258074 -1.057855 -42.777893 -1.22512 -2.917259 0.792523
-1 1474987378.089175 2.613106 -0.961152 -41.27145 -1.186197 -2.817134 0.780005
-1 1474987378.099616 2.199384 -0.867598 -39.717995 -1.152135 -2.713844 0.761844
-1 1474987378.109540 1.894758 -0.782598 -38.14292 -1.116739 -2.604578 0.742784
-1 1474987378.119325 1.388357 -0.756061 -36.540349 -1.070691 -2.492114 0.732367
-1 1474987378.129560 1.123537 -0.701136 -34.937943 -1.032266 -2.382504 0.714157
-1 1474987378.139498 0.7546 -0.639294 -33.332982 -0.991071 -2.276997 0.706703
-1 1474987378.149571 0.496819 -0.533452 -31.768701 -0.949376 -2.16689 0.700114
-1 1474987378.159576 0.123249 -0.479522 -30.239019 -0.906222 -2.055184 0.696447
-1 1474987378.169865 -0.35004 -0.583723 -28.64832 -0.856974 -1.941082 0.695893
-1 1474987378.180500 -0.640101 -0.753739 -26.956751 -0.804959 -1.819162 0.691009
-1 1474987378.189751 -0.829183 -0.897965 -25.364898 -0.757706 -1.699485 0.678348
-1 1474987378.199942 -1.234371 -1.107439 -23.889479 -0.708799 -1.586565 0.665696
-1 1474987378.209856 -1.569728 -1.220794 -22.435874 -0.672021 -1.479672 0.651682
-1 1474987378.220041 -1.890081 -1.232676 -20.964245 -0.634812 -1.37449 0.63934
-1 1474987378.230266 -2.204306 -1.256345 -19.57764 -0.598755 -1.273198 0.627037
-1 1474987378.240102 -2.438973 -1.233983 -18.187457 -0.562599 -1.176379 0.615552
-1 1474987378.250253 -2.530119 -1.121598 -16.852482 -0.524622 -1.081062 0.598447
-1 1474987378.260296 -2.716074 -1.084284 -15.707632 -0.491654 -0.992086 0.578696
-1 1474987378.270468 -2.817739 -1.115814 -14.496394 -0.461246 -0.913307 0.561628
-1 1474987378.280498 -2.934554 -1.141987 -13.348481 -0.430244 -0.844734 0.551585
-1 1474987378.290514 -2.907882 -1.18618 -12.373157 -0.403333 -0.775558 0.534297
-1 1474987378.300534 -2.757946 -1.139279 -11.487265 -0.375988 -0.714124 0.50996
-1 1474987378.310518 -2.696737 -0.996839 -10.781564 -0.356926 -0.666491 0.484528
-1 1474987378.320767 -2.826133 -0.804091 -10.151844 -0.343006 -0.626318 0.464501
-1 1474987378.330691 -2.887696 -0.620981 -9.49137 -0.328843 -0.584974 0.450683
-1 1474987378.340640 -2.779001 -0.495796 -8.897542 -0.313037 -0.539786 0.437079
-1 1474987378.350730 -2.814572 -0.437921 -8.413919 -0.296714 -0.499986 0.421647
-1 1474987378.360660 -2.822889 -0.395463 -7.857879 -0.281941 -0.466076 0.406252
-1 1474987378.371214 -2.840614 -0.336228 -7.324024 -0.266397 -0.436273 0.399276
-1 1474987378.381223 -2.863873 -0.352025 -6.90118 -0.252245 -0.406995 0.398976
-1 1474987378.390890 -2.834801 -0.399667 -6.517012 -0.238249 -0.379537 0.401299
-1 1474987378.401091 -2.812442 -0.517014 -6.098711 -0.219421 -0.354834 0.406219
-1 1474987378.411127 -2.76312 -0.627857 -5.669501 -0.201171 -0.330038 0.407804
-1 1474987378.421349 -2.927691 -0.645876 -5.29329 -0.18634 -0.310588 0.411807
-1 1474987378.431380 -3.138139 -0.690367 -4.928365 -0.169678 -0.288992 0.416746
-1 1474987378.441199 -3.138308 -0.817638 -4.565133 -0.153491 -0.260878 0.414801
-1 1474987378.451146 -2.968938 -0.889274 -4.195812 -0.141151 -0.230255 0.401609
-1 1474987378.461354 -2.848718 -0.872531 -3.844786 -0.127841 -0.201599 0.383743
-1 1474987378.471548 -2.777878 -0.767067 -3.536343 -0.120072 -0.178715 0.365192
-1 1474987378.482019 -2.651324 -0.647571 -3.268596 -0.113365 -0.158131 0.343568
-1 1474987378.491616 -2.459818 -0.511759 -3.077038 -0.110333 -0.137589 0.31718
-1 1474987378.501550 -2.243459 -0.396594 -2.842762 -0.104926 -0.118334 0.291445
-1 1474987378.511826 -2.060259 -0.218123 -2.674332 -0.101859 -0.100643 0.264402
-1 1474987378.522040 -1.94441 -0.016968 -2.566363 -0.102832 -0.087102 0.239576
-1 1474987378.531934 -1.842384 0.199354 -2.436693 -0.103281 -0.079391 0.220885
-1 1474987378.541893 -1.779604 0.368143 -2.369956 -0.10841 -0.074626 0.209001
-1 1474987378.551908 -1.719638 0.477333 -2.268739 -0.107389 -0.069047 0.199149
-1 1474987378.562098 -1.583668 0.591519 -2.180605 -0.10709 -0.063171 0.187025
-1 1474987378.572287 -1.530763 0.713432 -2.193442 -0.105988 -0.058476 0.173803
-1 1474987378.582398 -1.507263 0.80487 -2.247986 -0.108542 -0.05707 0.163619
-1 1474987378.592196 -1.509147 0.884108 -2.233986 -0.109683 -0.053559 0.160228
-1 1474987378.602241 -1.436267 0.983523 -2.182271 -0.107982 -0.043903 0.150074
-1 1474987378.612204 -1.34294 1.064142 -2.075197 -0.106873 -0.039206 0.137954
-1 1474987378.622706 -1.269865 1.157629 -2.023081 -0.107481 -0.043162 0.128101
-1 1474987378.632762 -1.291982 1.200192 -2.075652 -0.111266 -0.051902 0.129421
-1 1474987378.642380 -1.340625 1.207823 -2.164088 -0.116029 -0.060699 0.141142
-1 1474987378.652337 -1.269678 1.119907 -2.246348 -0.113771 -0.059485 0.150424
-1 1474987378.662584 -1.179716 0.99095 -2.30691 -0.112208 -0.055918 0.153605
-1 1474987378.672895 -1.187693 0.903107 -2.324798 -0.111334 -0.055489 0.155806
-1 1474987378.683152 -1.255856 0.903988 -2.313977 -0.11158 -0.054637 0.156715
-1 1474987378.692804 -1.266718 0.90194 -2.252453 -0.111021 -0.050865 0.157666
-1 1474987378.702813 -1.228211 0.917807 -2.16059 -0.107492 -0.044284 0.154472
-1 1474987378.712956 -1.166701 0.949981 -2.089939 -0.105726 -0.039113 0.147466
-1 1474987378.723232 -1.168345 1.035696 -2.088084 -0.106399 -0.038571 0.139514
-1 1474987378.733178 -1.129917 1.067518 -2.105945 -0.108488 -0.039508 0.134753
-1 1474987378.743030 -1.017042 1.020394 -2.115387 -0.109631 -0.038777 0.133841
-1 1474987378.753259 -0.802805 0.875625 -2.135815 -0.10764 -0.034953 0.1339
-1 1474987378.763043 -0.660955 0.822186 -2.17939 -0.109617 -0.040091 0.134523
-1 1474987378.773998 -0.754309 0.931676 -2.286233 -0.114186 -0.053619 0.137752
-1 1474987378.783615 -1.000674 1.165143 -2.404829 -0.116269 -0.062113 0.139357
-1 1474987378.793294 -1.162055 1.352649 -2.444039 -0.116322 -0.059824 0.134008
-1 1474987378.803330 -1.159992 1.321505 -2.378337 -0.115214 -0.052279 0.128969
-1 1474987378.813416 -1.192942 1.204799 -2.26681 -0.110817 -0.043606 0.12954
-1 1474987378.823705 -1.118937 1.105827 -2.151473 -0.108531 -0.029875 0.126922
-1 1474987378.833956 -0.899352 1.079328 -2.073585 -0.106717 -0.020406 0.11931
-1 1474987378.843581 -0.661396 1.072121 -2.10089 -0.107766 -0.021923 0.109459
-1 1474987378.853764 -0.587466 1.072544 -2.173581 -0.109963 -0.035519 0.107667
-1 1474987378.863849 -0.774254 1.146933 -2.279724 -0.113997 -0.052468 0.116972
-1 1474987378.874360 -0.999819 1.177296 -2.375214 -0.114656 -0.060682 0.129395
-1 1474987378.884187 -1.071377 1.149841 -2.434567 -0.116335 -0.060577 0.135796
-1 1474987378.893977 -1.140523 1.088211 -2.467111 -0.116389 -0.057038 0.141065
-1 1474987378.903964 -1.205622 1.008863 -2.428335 -0.117321 -0.049638 0.14438
-1 1474987378.914091 -1.215704 0.981997 -2.27576 -0.113622 -0.040422 0.144985
-1 1474987378.924459 -1.055015 0.955104 -2.122699 -0.109213 -0.035496 0.1424
-1 1474987378.934624 -0.949678 0.979174 -2.102952 -0.107574 -0.041427 0.137643
-1 1474987378.944314 -1.011009 1.076635 -2.172822 -0.110014 -0.049513 0.135398
-1 1474987378.954444 -1.07764 1.10995 -2.2488 -0.111067 -0.052371 0.13643
-1 1474987378.964454 -1.10639 1.078379 -2.308038 -0.113079 -0.052101 0.138825
-1 1474987378.974964 -1.116633 1.014008 -2.318964 -0.112543 -0.048976 0.1415
-1 1474987378.984870 -1.105127 0.929442 -2.299622 -0.110993 -0.042136 0.141894
-1 1474987378.994791 -1.067974 0.927011 -2.230322 -0.10846 -0.035076 0.136633
-1 1474987379.004609 -1.029613 0.971429 -2.153566 -0.106125 -0.032605 0.128804
-1 1474987379.014812 -0.993373 1.039724 -2.112268 -0.103137 -0.03172 0.122209
-1 1474987379.025143 -0.932571 1.131283 -2.137873 -0.104869 -0.030474 0.11537
-1 1474987379.035147 -0.931279 1.168434 -2.196188 -0.107099 -0.031701 0.111939
-1 1474987379.044908 -0.985443 1.206533 -2.214765 -0.109213 -0.034119 0.112264
-1 1474987379.055231 -1.025503 1.228326 -2.226903 -0.113077 -0.035094 0.116122
-1 1474987379.064984 -1.087847 1.145376 -2.243462 -0.111228 -0.034923 0.123029
-1 1474987379.075407 -1.137864 1.045211 -2.213064 -0.109946 -0.034777 0.130526
-1 1474987379.085272 -1.196637 1.016401 -2.163681 -0.10749 -0.03441 0.136863
-1 1474987379.095118 -1.226445 0.986643 -2.142254 -0.107653 -0.032361 0.139207
-1 1474987379.105248 -1.22455 0.978927 -2.10249 -0.106225 -0.030924 0.13895
-1 1474987379.115197 -1.165917 0.957662 -2.059192 -0.103932 -0.028606 0.138491
-1 1474987379.125837 -1.150789 0.980003 -2.048855 -0.103436 -0.025449 0.137635
-1 1474987379.135504 -1.093724 0.944858 -2.060502 -0.102898 -0.020737 0.135714
-1 1474987379.145494 -1.079798 0.925718 -2.076327 -0.103015 -0.02073 0.133868
-1 1474987379.155579 -1.099108 0.908178 -2.07398 -0.10338 -0.024834 0.13438
-1 1474987379.165613 -1.083511 0.889656 -2.062606 -0.102972 -0.027013 0.134537
-1 1474987379.175995 -1.041981 0.881313 -2.063214 -0.102247 -0.027187 0.13544
-1 1474987379.185921 -1.036318 0.868404 -2.089572 -0.103804 -0.027807 0.137031
-1 1474987379.195869 -1.035397 0.861845 -2.108933 -0.102925 -0.029452 0.137053
-1 1474987379.205957 -1.009776 0.871479 -2.162539 -0.104559 -0.029518 0.134809
-1 1474987379.215945 -1.016175 0.894832 -2.221683 -0.106627 -0.029124 0.130994
-1 1474987379.226291 -1.077774 0.949761 -2.226678 -0.105766 -0.030605 0.128828
-1 1474987379.236210 -1.144601 1.014919 -2.221837 -0.107715 -0.031119 0.128628
-1 1474987379.246207 -1.211553 1.073505 -2.223386 -0.1096 -0.029114 0.129446
-1 1474987379.256652 -1.246481 1.103004 -2.206719 -0.111084 -0.027219 0.130204
-1 1474987379.266294 -1.231661 1.108792 -2.156452 -0.111145 -0.024881 0.130468
-1 1474987379.276561 -1.224382 1.136879 -2.089482 -0.109025 -0.022336 0.129983
-1 1474987379.286394 -1.180942 1.159251 -2.032871 -0.107925 -0.021597 0.128249
-1 1474987379.297037 -1.094509 1.173442 -1.997363 -0.105575 -0.021023 0.124337
-1 1474987379.306431 -1.030142 1.202917 -2.020431 -0.105605 -0.021311 0.119337
-1 1474987379.316458 -0.994351 1.23678 -2.070002 -0.107705 -0.022924 0.117173
-1 1474987379.326960 -0.928819 1.241476 -2.09619 -0.108368 -0.023818 0.115346
-1 1474987379.336607 -0.889285 1.242228 -2.107401 -0.107056 -0.025985 0.114089
-1 1474987379.346833 -0.875675 1.183426 -2.134137 -0.105631 -0.027909 0.114858
-1 1474987379.356774 -0.927466 1.154515 -2.184389 -0.106158 -0.028091 0.116506
-1 1474987379.366977 -0.940533 1.107499 -2.207212 -0.107539 -0.025723 0.117634
-1 1474987379.377297 -0.897021 0.967546 -2.188289 -0.106347 -0.024217 0.120598
-1 1474987379.387048 -0.879131 0.839212 -2.166272 -0.107188 -0.026382 0.129115
-1 1474987379.397012 -0.948422 0.851857 -2.144439 -0.106322 -0.028319 0.137254
-1 1474987379.407146 -1.020949 0.980181 -2.148028 -0.104611 -0.0265 0.136011
-1 1474987379.417213 -0.958003 1.085914 -2.167984 -0.104415 -0.023823 0.124691
-1 1474987379.427541 -0.963622 1.080159 -2.212311 -0.104894 -0.025882 0.120494
-1 1474987379.437338 -1.042618 1.052241 -2.206442 -0.107252 -0.026589 0.124381
-1 1474987379.447426 -0.972809 0.986909 -2.137605 -0.104586 -0.0205 0.124964
-1 1474987379.457374 -0.849834 0.95402 -2.143116 -0.103614 -0.017667 0.119025
-1 1474987379.467496 -0.744567 0.955229 -2.178558 -0.106636 -0.023575 0.115492
-1 1474987379.477760 -0.840848 1.040888 -2.262099 -0.110198 -0.030698 0.118449
-1 1474987379.487715 -1.041073 1.162484 -2.326215 -0.110804 -0.032138 0.123207
-1 1474987379.497644 -1.043071 1.181793 -2.304761 -0.110922 -0.027426 0.123209
-1 1474987379.507882 -0.985636 1.137821 -2.285224 -0.109819 -0.023329 0.119333
-1 1474987379.517933 -1.022698 1.127774 -2.277288 -0.109463 -0.022747 0.118076
-1 1474987379.528201 -1.021792 1.11133 -2.242759 -0.108841 -0.018798 0.117245
-1 1474987379.538128 -0.915142 1.12308 -2.161065 -0.108155 -0.015561 0.11453
-1 1474987379.548057 -0.788391 1.11409 -2.112041 -0.107031 -0.017833 0.112277
-1 1474987379.558256 -0.746252 1.102471 -2.140806 -0.105625 -0.022645 0.110074
-1 1474987379.568187 -0.805613 1.14229 -2.188052 -0.105343 -0.026788 0.109256
-1 1474987379.578588 -0.878658 1.188124 -2.219062 -0.106834 -0.028917 0.108097
-1 1474987379.588265 -0.898565 1.136735 -2.216412 -0.106747 -0.028974 0.110673
-1 1474987379.598312 -0.958755 1.068295 -2.224769 -0.106616 -0.027557 0.116493
-1 1474987379.608426 -0.976836 1.015868 -2.186656 -0.104111 -0.022051 0.119877
-1 1474987379.618475 -0.927303 0.982625 -2.126266 -0.101782 -0.014945 0.120055
-1 1474987379.628841 -0.887689 0.967014 -2.079111 -0.100577 -0.013358 0.119887
-1 1474987379.638641 -0.90041 1.003148 -2.072558 -0.102798 -0.017959 0.119039
-1 1474987379.648677 -0.938127 1.032712 -2.084077 -0.10307 -0.022786 0.1221
-1 1474987379.658677 -0.941542 1.071742 -2.106699 -0.103018 -0.023032 0.123036
-1 1474987379.668757 -0.935725 1.088667 -2.118635 -0.10441 -0.022022 0.122975
-1 1474987379.679350 -0.943953 1.079073 -2.104383 -0.106632 -0.023054 0.125578
-1 1474987379.688816 -1.015938 1.128587 -2.0668 -0.107861 -0.024247 0.129347
-1 1474987379.698953 -1.105612 1.130122 -2.032317 -0.106966 -0.022685 0.134602
-1 1474987379.708969 -1.12868 1.062265 -1.995607 -0.104594 -0.018171 0.137098
-1 1474987379.719111 -1.114617 0.994407 -1.928831 -0.102513 -0.016632 0.139278
-1 1474987379.729251 -1.121564 0.935899 -1.886036 -0.101122 -0.016756 0.143333
-1 1474987379.739249 -1.156569 0.870343 -1.882669 -0.098617 -0.017204 0.147071
-1 1474987379.749326 -1.142456 0.817372 -1.898714 -0.097351 -0.01707 0.148707
-1 1474987379.759455 -1.061695 0.726494 -1.924744 -0.097338 -0.015704 0.14984
-1 1474987379.769792 -1.044575 0.681693 -1.945589 -0.095748 -0.016791 0.151409
-1 1474987379.779896 -1.019433 0.667205 -1.957569 -0.095594 -0.01764 0.150907
-1 1474987379.789514 -0.995118 0.653464 -1.989468 -0.095217 -0.016854 0.145292
-1 1474987379.799905 -0.987328 0.665672 -2.01062 -0.093573 -0.015875 0.139464
-1 1474987379.809646 -0.960104 0.738662 -2.024738 -0.097154 -0.01474 0.133653
-1 1474987379.819712 -0.924037 0.795651 -1.99781 -0.095611 -0.01448 0.128412
-1 1474987379.830003 -0.909787 0.915613 -1.990092 -0.097276 -0.015493 0.120329
-1 1474987379.839760 -0.922296 1.00937 -2.013782 -0.099087 -0.016091 0.113989
-1 1474987379.849924 -0.948703 1.117102 -2.030781 -0.10165 -0.017256 0.110868
-1 1474987379.859924 -0.94425 1.216266 -2.045404 -0.104234 -0.017915 0.109819
-1 1474987379.870011 -0.889644 1.234494 -2.050305 -0.105459 -0.016837 0.110176
-1 1474987379.880298 -0.899067 1.26308 -2.067813 -0.10713 -0.016928 0.111312
-1 1474987379.890160 -0.925757 1.278715 -2.08516 -0.108511 -0.017973 0.112801
-1 1474987379.900193 -0.931789 1.270134 -2.107317 -0.109198 -0.018029 0.114672
-1 1474987379.910411 -0.953212 1.259372 -2.112906 -0.108031 -0.018616 0.117496
-1 1474987379.920396 -0.921101 1.171128 -2.106608 -0.105961 -0.016952 0.119683
-1 1474987379.930531 -0.896003 1.092402 -2.098738 -0.105373 -0.014847 0.121068
-1 1474987379.940319 -0.917235 1.017436 -2.081231 -0.10281 -0.015627 0.125475
-1 1474987379.950436 -0.94444 0.963668 -2.103211 -0.104441 -0.014769 0.129665
-1 1474987379.960490 -0.965843 0.909853 -2.089515 -0.10242 -0.015889 0.134675
-1 1474987379.970772 -0.954642 0.834591 -2.066334 -0.099947 -0.017256 0.137828
-1 1474987379.980866 -0.973311 0.829572 -2.080943 -0.099802 -0.016053 0.136198
-1 1474987379.990810 -0.975201 0.813159 -2.087753 -0.097566 -0.013739 0.134722
-1 1474987380.000758 -0.942973 0.786238 -2.097522 -0.099947 -0.012669 0.133033
-1 1474987380.010895 -0.910167 0.701429 -2.068633 -0.099244 -0.015903 0.137656
-1 1474987380.021168 -0.854736 0.625979 -2.028829 -0.100269 -0.018356 0.145439
-1 1474987380.031254 -0.877116 0.700416 -2.021489 -0.099084 -0.017828 0.147625
-1 1474987380.041029 -0.863713 0.824159 -2.061746 -0.096587 -0.01494 0.137601
-1 1474987380.051087 -0.841822 0.982789 -2.140668 -0.097991 -0.016143 0.120481
-1 1474987380.061043 -0.982279 1.09318 -2.20208 -0.102293 -0.021376 0.11566
-1 1474987380.071339 -1.085877 1.135815 -2.127922 -0.103951 -0.01744 0.117873
-1 1474987380.081444 -0.904941 1.138872 -1.983427 -0.100926 -0.004896 0.112265
-1 1474987380.091367 -0.729977 1.111433 -1.976575 -0.099067 0.001217 0.102141
-1 1474987380.101319 -0.695094 1.15423 -2.032236 -0.103716 -0.005799 0.097104
-1 1474987380.111456 -0.761434 1.205841 -2.093938 -0.107289 -0.016676 0.101928
-1 1474987380.121907 -0.903927 1.202838 -2.153394 -0.108098 -0.022135 0.112578
-1 1474987380.131761 -0.95545 1.12194 -2.171792 -0.107718 -0.021773 0.121012
-1 1474987380.141693 -0.942267 0.98485 -2.19364 -0.104524 -0.018809 0.125408
-1 1474987380.151630 -1.003333 0.911359 -2.218794 -0.105473 -0.016985 0.127934
-1 1474987380.161776 -1.09089 0.867396 -2.164607 -0.102544 -0.015437 0.132123
-1 1474987380.172098 -1.064823 0.89572 -2.079631 -0.103569 -0.012007 0.133329
-1 1474987380.182056 -0.995032 0.923796 -2.030431 -0.103612 -0.00993 0.133807
-1 1474987380.191766 -0.965072 0.916011 -2.044146 -0.101077 -0.009184 0.133927
-1 1474987380.201833 -0.936286 0.911552 -2.06192 -0.100454 -0.008321 0.132477
-1 1474987380.211909 -0.904536 0.956639 -2.044936 -0.100451 -0.010377 0.128755
-1 1474987380.222329 -0.883459 0.904097 -2.072288 -0.102287 -0.011959 0.128772
-1 1474987380.232186 -0.947347 0.829138 -2.120786 -0.102769 -0.012938 0.133708
-1 1474987380.242084 -0.959126 0.837612 -2.110822 -0.102601 -0.011305 0.134206
-1 1474987380.252296 -0.944302 0.859128 -2.062767 -0.098232 -0.010768 0.12897
-1 1474987380.262257 -0.938176 0.940883 -2.074058 -0.098215 -0.012709 0.118687
-1 1474987380.272637 -0.928806 1.041586 -2.128255 -0.101917 -0.014138 0.110495
-1 1474987380.282698 -0.973874 1.140904 -2.157844 -0.104415 -0.016094 0.107224
-1 1474987380.292489 -0.918687 1.151998 -2.155823 -0.102853 -0.012644 0.10359
-1 1474987380.302596 -0.809485 1.147172 -2.167593 -0.104505 -0.008754 0.098379
-1 1474987380.312447 -0.75795 1.182476 -2.170157 -0.105972 -0.010874 0.096684
-1 1474987380.323076 -0.767829 1.195287 -2.197353 -0.107631 -0.013873 0.100093
-1 1474987380.333140 -0.854073 1.219213 -2.226088 -0.10894 -0.016082 0.105505
-1 1474987380.342766 -0.893778 1.23247 -2.210834 -0.109977 -0.016759 0.110366
-1 1474987380.353181 -0.957171 1.216226 -2.219683 -0.110317 -0.017621 0.114473
-1 1474987380.362972 -1.058598 1.222996 -2.22913 -0.11014 -0.018855 0.117622
-1 1474987380.373187 -1.099307 1.208325 -2.205434 -0.11073 -0.017063 0.12049
-1 1474987380.383278 -1.099311 1.160788 -2.161237 -0.108842 -0.013246 0.121666
-1 1474987380.392990 -1.058685 1.118101 -2.081603 -0.105548 -0.010463 0.12387
-1 1474987380.403155 -0.964327 1.047894 -2.019523 -0.105088 -0.009624 0.128157
-1 1474987380.413269 -0.934357 0.995065 -2.022886 -0.104228 -0.011052 0.130826
-1 1474987380.423996 -0.920866 0.917219 -2.055753 -0.102709 -0.011495 0.133594
-1 1474987380.433489 -0.918521 0.871849 -2.102918 -0.10234 -0.010869 0.134352
-1 1474987380.443407 -0.871171 0.797404 -2.098147 -0.100235 -0.010852 0.134203
-1 1474987380.453448 -0.852994 0.777351 -2.070583 -0.097654 -0.011302 0.132708
-1 1474987380.463367 -0.820824 0.778058 -2.074726 -0.097897 -0.007472 0.127273
-1 1474987380.473874 -0.816884 0.822094 -2.064856 -0.09588 -0.006675 0.120721
-1 1474987380.484374 -0.790108 0.884512 -2.078011 -0.098116 -0.006463 0.114101
-1 1474987380.493521 -0.777357 0.953574 -2.115396 -0.100738 -0.006627 0.109595
-1 1474987380.503719 -0.800825 1.046736 -2.100121 -0.101638 -0.011033 0.107695
-1 1474987380.513909 -0.798598 1.096719 -2.064432 -0.101634 -0.014203 0.108082
-1 1474987380.524652 -0.809261 1.144183 -2.084319 -0.104258 -0.013781 0.108482
-1 1474987380.534211 -0.835146 1.147843 -2.103356 -0.103896 -0.012234 0.10991
-1 1474987380.543922 -0.851157 1.12791 -2.099704 -0.104543 -0.011516 0.11228
-1 1474987380.554077 -0.854687 1.111366 -2.087477 -0.105263 -0.010207 0.114523
-1 1474987380.564155 -0.834516 1.056889 -2.05756 -0.102071 -0.008194 0.116145
-1 1474987380.574402 -0.830779 1.048571 -2.043949 -0.102766 -0.008426 0.115848
-1 1474987380.584532 -0.903882 1.081571 -2.061081 -0.10203 -0.010552 0.116466
-1 1474987380.594739 -0.928413 1.016074 -2.080713 -0.101445 -0.009857 0.118077
-1 1474987380.604650 -0.904326 0.982898 -2.065011 -0.100059 -0.007924 0.118837
-1 1474987380.614813 -0.830734 0.850557 -2.042984 -0.100094 -0.007227 0.124452
-1 1474987380.625041 -0.826516 0.778089 -2.048548 -0.103217 -0.010518 0.131998
-1 1474987380.634876 -0.907457 0.843422 -2.057055 -0.101999 -0.013424 0.137877
-1 1474987380.644740 -0.931046 0.940252 -2.093539 -0.099459 -0.01113 0.133801
-1 1474987380.654830 -0.87865 0.986937 -2.094135 -0.097199 -0.008961 0.123587
-1 1474987380.664728 -0.91547 0.989633 -2.065734 -0.097446 -0.010437 0.119741
-1 1474987380.675277 -0.919131 0.91972 -2.006198 -0.096479 -0.006378 0.12072
-1 1474987380.685186 -0.766347 0.882459 -1.95721 -0.094484 0.002349 0.115901
-1 1474987380.694997 -0.577992 0.886318 -1.972857 -0.094696 0.004842 0.107257
-1 1474987380.705100 -0.530759 0.941457 -2.051519 -0.099867 -0.00296 0.101791
-1 1474987380.715156 -0.678899 1.048967 -2.128982 -0.103766 -0.015925 0.107093
-1 1474987380.725508 -0.862172 1.134526 -2.179045 -0.107355 -0.024166 0.11702
-1 1474987380.735456 -0.956337 1.152188 -2.217676 -0.105927 -0.023294 0.12235
-1 1474987380.745403 -0.952434 1.082695 -2.234889 -0.105422 -0.017816 0.122641
-1 1474987380.755333 -1.003299 1.067599 -2.183231 -0.104614 -0.014424 0.121595
-1 1474987380.765496 -1.018237 1.085545 -2.087847 -0.10462 -0.009636 0.120801
-1 1474987380.775880 -0.945382 1.095973 -1.999199 -0.102062 -0.004028 0.119454
-1 1474987380.785832 -0.790726 1.086749 -1.955917 -0.101816 -0.002066 0.116083
-1 1474987380.795675 -0.72991 1.081823 -1.976033 -0.101539 -0.005398 0.114352
-1 1474987380.805753 -0.796462 1.097624 -2.021804 -0.100863 -0.012238 0.116343
-1 1474987380.815867 -0.855902 1.061219 -2.058582 -0.100397 -0.017362 0.120268
-1 1474987380.826351 -0.873077 0.964535 -2.11465 -0.102739 -0.017895 0.125057
-1 1474987380.836023 -0.891583 0.859991 -2.145759 -0.102145 -0.01503 0.130189
-1 1474987380.846167 -0.891738 0.807625 -2.118213 -0.09966 -0.010203 0.13154
-1 1474987380.856080 -0.882687 0.835403 -2.094722 -0.097899 -0.005606 0.126517
-1 1474987380.866191 -0.864422 0.901242 -2.073096 -0.099188 -0.005437 0.120381
-1 1474987380.876565 -0.86946 0.981334 -2.063241 -0.100296 -0.008555 0.117979
-1 1474987380.886433 -0.894888 1.034678 -2.104183 -0.100984 -0.010055 0.115863
-1 1474987380.896477 -0.922383 1.047086 -2.130836 -0.100904 -0.011252 0.115088
-1 1474987380.906922 -0.914945 1.029699 -2.158499 -0.10366 -0.011131 0.114897
-1 1474987380.916738 -0.927452 0.998561 -2.211538 -0.105329 -0.009037 0.115769
-1 1474987380.926977 -0.950994 1.001195 -2.219719 -0.106511 -0.009326 0.120047
-1 1474987380.937013 -0.94252 1.044842 -2.153953 -0.105102 -0.010122 0.123854
-1 1474987381.194043 -0.883605 1.032401 -2.120541 -0.104391 -0.008028 0.123646
-1 1474987381.195841 -0.919793 1.042097 -2.11736 -0.103622 -0.008691 0.122269
-1 1474987381.206272 -0.989858 1.071443 -2.094541 -0.101693 -0.008728 0.12323
