-1 1478188785.200866 -1.703477 2.55371 -3.961684 -0.213866 0.098228 0.321204
-1 1478188785.210995 -1.683201 2.522451 -3.927933 -0.213688 0.101305 0.322902
-1 1478188785.221030 -1.635891 2.475189 -3.892437 -0.212969 0.102397 0.32463
-1 1478188785.231305 -1.574436 2.477954 -3.903077 -0.21401 0.10238 0.322787
-1 1478188785.240984 -1.569576 2.457535 -3.938829 -0.213076 0.099778 0.323542
-1 1478188785.251093 -1.602661 2.470733 -3.986487 -0.21403 0.095939 0.324591
-1 1478188785.261080 -1.630735 2.482878 -4.017678 -0.214886 0.095918 0.324862
-1 1478188785.271613 -1.627478 2.489335 -4.008824 -0.214517 0.09873 0.322989
-1 1478188785.281377 -1.611858 2.495581 -3.973518 -0.213586 0.101509 0.320375
-1 1478188785.291486 -1.622562 2.5045 -3.955002 -0.213349 0.10334 0.318995
-1 1478188785.301512 -1.623697 2.507791 -3.926559 -0.213287 0.104125 0.319151
-1 1478188785.311488 -1.617488 2.511244 -3.899846 -0.213385 0.104092 0.321222
-1 1478188785.321877 -1.598513 2.501594 -3.903179 -0.213514 0.10426 0.322898
-1 1478188785.332207 -1.576537 2.480447 -3.91727 -0.213524 0.103713 0.323024
-1 1478188785.341620 -1.577439 2.466121 -3.944929 -0.214923 0.101628 0.323671
-1 1478188785.351700 -1.603718 2.480052 -3.982453 -0.215012 0.099106 0.323951
-1 1478188785.361888 -1.615114 2.467867 -4.004282 -0.215265 0.097393 0.325167
-1 1478188785.371895 -1.623356 2.487324 -4.026039 -0.216718 0.095343 0.324412
-1 1478188785.382612 -1.672256 2.50564 -4.038381 -0.215789 0.093318 0.323602
-1 1478188785.392465 -1.680306 2.531435 -4.039968 -0.215598 0.093717 0.321688
-1 1478188785.402131 -1.697236 2.50142 -4.021617 -0.215742 0.095503 0.322991
-1 1478188785.412194 -1.720225 2.48962 -3.981937 -0.214815 0.096709 0.325623
-1 1478188785.422310 -1.713817 2.475161 -3.947188 -0.214287 0.098305 0.326848
-1 1478188785.432432 -1.684988 2.461101 -3.944815 -0.215397 0.099568 0.32542
-1 1478188785.442351 -1.659774 2.465805 -3.928383 -0.213556 0.098333 0.32518
-1 1478188785.452415 -1.647984 2.503634 -3.951107 -0.214714 0.095407 0.325232
-1 1478188785.462533 -1.669057 2.489311 -3.996026 -0.214762 0.093998 0.325831
-1 1478188785.472723 -1.700971 2.484716 -4.038024 -0.215014 0.093026 0.325407
-1 1478188785.482713 -1.726956 2.515218 -4.064457 -0.216271 0.093009 0.324944
-1 1478188785.492797 -1.719058 2.501182 -4.048375 -0.217783 0.094813 0.324921
-1 1478188785.502843 -1.705817 2.496233 -4.007542 -0.216053 0.095942 0.324582
-1 1478188785.512790 -1.689169 2.497373 -3.999831 -0.215856 0.09881 0.324834
-1 1478188785.522948 -1.673217 2.514668 -4.001696 -0.216424 0.100559 0.324349
-1 1478188785.533093 -1.704213 2.495038 -3.997331 -0.215067 0.10064 0.323878
-1 1478188785.542950 -1.702979 2.458565 -4.004619 -0.214273 0.100457 0.322975
-1 1478188785.552986 -1.672546 2.46669 -4.00438 -0.214049 0.099611 0.322956
-1 1478188785.563147 -1.63791 2.505354 -4.022048 -0.21534 0.098228 0.322913
-1 1478188785.573225 -1.634576 2.497381 -4.044544 -0.216199 0.097822 0.323546
-1 1478188785.583532 -1.668329 2.504068 -4.065437 -0.216903 0.09679 0.324758
-1 1478188785.593331 -1.725315 2.50969 -4.091257 -0.217438 0.096542 0.325333
-1 1478188785.603477 -1.739399 2.461391 -4.078451 -0.216554 0.098504 0.324596
-1 1478188785.613461 -1.724294 2.463733 -4.04763 -0.214628 0.099622 0.322481
-1 1478188785.623695 -1.706328 2.470805 -4.020825 -0.215456 0.101076 0.322459
-1 1478188785.633714 -1.691737 2.450058 -4.001593 -0.213921 0.101054 0.322872
-1 1478188785.643575 -1.706758 2.451057 -4.016823 -0.214938 0.09995 0.323259
-1 1478188785.653603 -1.70752 2.484974 -4.032124 -0.21566 0.098667 0.324559
-1 1478188785.663784 -1.694908 2.470393 -4.039004 -0.216745 0.097881 0.32533
-1 1478188785.673981 -1.712673 2.46523 -4.052911 -0.215894 0.095806 0.32557
-1 1478188785.684108 -1.721749 2.479368 -4.064256 -0.215917 0.09485 0.324655
-1 1478188785.694061 -1.701308 2.464189 -4.06532 -0.216533 0.095623 0.325129
-1 1478188785.703910 -1.727446 2.482331 -4.058073 -0.216311 0.09611 0.326486
-1 1478188785.713986 -1.733792 2.50313 -4.052082 -0.217546 0.097524 0.326021
-1 1478188785.724332 -1.740584 2.508192 -4.052199 -0.216781 0.099244 0.3253
-1 1478188785.734565 -1.701344 2.508152 -4.049789 -0.217672 0.101376 0.323797
-1 1478188785.744221 -1.680542 2.529307 -4.02948 -0.216974 0.101497 0.32308
-1 1478188785.754287 -1.649986 2.511082 -4.016377 -0.216519 0.100875 0.324
-1 1478188785.764354 -1.642937 2.508092 -4.029829 -0.216612 0.099786 0.324231
-1 1478188785.774828 -1.666872 2.501236 -4.056167 -0.217281 0.098161 0.325415
-1 1478188785.784596 -1.728767 2.526192 -4.071212 -0.218553 0.095348 0.327294
-1 1478188785.794678 -1.740572 2.525649 -4.090196 -0.219679 0.095843 0.327514
-1 1478188785.804721 -1.765337 2.524205 -4.092637 -0.219455 0.097757 0.327344
-1 1478188785.814875 -1.768261 2.519731 -4.056315 -0.2183 0.097727 0.328729
-1 1478188785.825065 -1.766979 2.522889 -4.023123 -0.218632 0.09713 0.328405
-1 1478188785.835393 -1.744346 2.519953 -3.999072 -0.217718 0.097368 0.327145
-1 1478188785.844972 -1.707511 2.541285 -3.972397 -0.216801 0.097762 0.326492
-1 1478188785.855193 -1.626603 2.526191 -3.947813 -0.217729 0.098167 0.32716
-1 1478188785.865105 -1.620376 2.514611 -3.949993 -0.216447 0.097625 0.327318
-1 1478188785.875487 -1.656797 2.497413 -3.984068 -0.215349 0.097455 0.325462
-1 1478188785.885274 -1.667482 2.45909 -3.999365 -0.214532 0.097222 0.325532
-1 1478188785.895369 -1.680906 2.46106 -4.002395 -0.215585 0.096727 0.325912
-1 1478188785.905708 -1.673127 2.467169 -4.005262 -0.215649 0.097552 0.325246
-1 1478188785.915464 -1.683597 2.51148 -4.005018 -0.215792 0.09793 0.324478
-1 1478188785.925934 -1.694214 2.514551 -4.015051 -0.217348 0.098215 0.325315
-1 1478188785.935647 -1.731276 2.541268 -4.032932 -0.218432 0.097591 0.325583
-1 1478188785.945681 -1.745411 2.51145 -4.033123 -0.216955 0.098101 0.326722
-1 1478188785.955837 -1.743655 2.514722 -4.030079 -0.216707 0.097439 0.325628
-1 1478188785.965756 -1.721628 2.481806 -4.01474 -0.216878 0.096116 0.326872
-1 1478188785.976206 -1.731291 2.476695 -4.014711 -0.216196 0.095042 0.328786
-1 1478188785.985848 -1.725187 2.47516 -4.008045 -0.216597 0.094167 0.328574
-1 1478188785.995939 -1.724317 2.476304 -4.002918 -0.215853 0.092858 0.327775
-1 1478188786.006119 -1.753907 2.503617 -4.025515 -0.21662 0.093252 0.326864
-1 1478188786.015998 -1.764452 2.488153 -4.025792 -0.216377 0.093673 0.326722
-1 1478188786.026432 -1.761152 2.495659 -4.023818 -0.216549 0.094555 0.326534
-1 1478188786.036161 -1.754883 2.513091 -4.016647 -0.216332 0.0952 0.328035
-1 1478188786.046225 -1.746287 2.512395 -3.995942 -0.216133 0.094481 0.328891
-1 1478188786.056244 -1.727678 2.507746 -3.989417 -0.215847 0.094942 0.328848
-1 1478188786.066344 -1.720594 2.510603 -4.017141 -0.217411 0.096459 0.328774
-1 1478188786.076695 -1.76454 2.508324 -4.033949 -0.217314 0.095737 0.330529
-1 1478188786.086393 -1.781345 2.50952 -4.04033 -0.217958 0.095125 0.330273
-1 1478188786.096705 -1.752412 2.524472 -4.03457 -0.216398 0.095253 0.327442
-1 1478188786.106552 -1.710715 2.507436 -4.002196 -0.214473 0.09542 0.325959
-1 1478188786.116819 -1.694148 2.524405 -4.015391 -0.217004 0.095729 0.325321
-1 1478188786.127217 -1.732317 2.552277 -4.033303 -0.21685 0.095486 0.325527
-1 1478188786.136966 -1.730333 2.545627 -4.033245 -0.21686 0.095179 0.325684
-1 1478188786.147059 -1.773689 2.527897 -4.014065 -0.216529 0.093065 0.327152
-1 1478188786.157028 -1.764179 2.490806 -3.987276 -0.21517 0.092342 0.327355
-1 1478188786.167462 -1.72581 2.476047 -3.962037 -0.213786 0.093223 0.325713
-1 1478188786.177411 -1.695496 2.497797 -3.948426 -0.213738 0.094233 0.324532
-1 1478188786.187217 -1.699411 2.515775 -3.956298 -0.21428 0.094108 0.325129
-1 1478188786.197217 -1.667074 2.500493 -3.952938 -0.214558 0.093924 0.324925
-1 1478188786.207426 -1.623614 2.485783 -3.957527 -0.213623 0.094647 0.324538
-1 1478188786.217544 -1.611958 2.506008 -3.991916 -0.215394 0.095261 0.322914
-1 1478188786.227955 -1.633387 2.518981 -4.02026 -0.215234 0.09498 0.323118
-1 1478188786.237677 -1.657158 2.503198 -4.026593 -0.215146 0.0942 0.324041
-1 1478188786.247685 -1.690528 2.476008 -4.022194 -0.214861 0.093998 0.325719
-1 1478188786.257689 -1.723712 2.483766 -4.048195 -0.216491 0.095313 0.326471
-1 1478188786.267941 -1.75987 2.497849 -4.055489 -0.217355 0.095624 0.328179
-1 1478188786.278151 -1.772887 2.514057 -4.043124 -0.218051 0.094627 0.329405
-1 1478188786.287856 -1.740174 2.519153 -4.031571 -0.217617 0.092548 0.328147
-1 1478188786.298025 -1.716607 2.553675 -4.072545 -0.217915 0.089184 0.324391
-1 1478188786.308202 -1.72911 2.552651 -4.148361 -0.220486 0.085235 0.325984
-1 1478188786.318512 -1.807766 2.56284 -4.223298 -0.224336 0.084022 0.329547
-1 1478188786.328476 -1.855933 2.505969 -4.263749 -0.222553 0.088826 0.331591
-1 1478188786.338281 -1.853359 2.498058 -4.204948 -0.223474 0.095293 0.330556
-1 1478188786.348307 -1.798725 2.470366 -4.044927 -0.219247 0.100167 0.329736
-1 1478188786.358461 -1.781751 2.466533 -3.921178 -0.214991 0.103449 0.328453
-1 1478188786.368756 -1.791756 2.492824 -3.859037 -0.214251 0.103583 0.327672
-1 1478188786.378895 -1.798642 2.565602 -3.820141 -0.213007 0.100584 0.326494
-1 1478188786.388646 -1.78964 2.599869 -3.844564 -0.214925 0.099311 0.325372
-1 1478188786.398680 -1.715131 2.564378 -3.927494 -0.216561 0.099279 0.324206
-1 1478188786.408744 -1.665401 2.525311 -4.004102 -0.217523 0.096382 0.325784
-1 1478188786.419073 -1.619393 2.480324 -4.053654 -0.218026 0.09308 0.32849
-1 1478188786.429024 -1.596123 2.468182 -4.091915 -0.218346 0.090441 0.329707
-1 1478188786.438925 -1.665806 2.467104 -4.103234 -0.218741 0.087835 0.330764
-1 1478188786.448923 -1.773774 2.477603 -4.117474 -0.218934 0.087867 0.330914
-1 1478188786.459051 -1.873148 2.530299 -4.107614 -0.217057 0.092164 0.328511
-1 1478188786.469298 -1.851025 2.532467 -4.026272 -0.216309 0.099786 0.324825
-1 1478188786.479426 -1.763267 2.540715 -3.913039 -0.214294 0.105386 0.321977
-1 1478188786.489045 -1.636033 2.556521 -3.826159 -0.214177 0.106823 0.318979
-1 1478188786.499234 -1.582296 2.52557 -3.813675 -0.212647 0.103868 0.320347
-1 1478188786.509280 -1.575392 2.518508 -3.902057 -0.215459 0.097458 0.32299
-1 1478188786.519647 -1.631438 2.509505 -4.031185 -0.217266 0.090692 0.327331
-1 1478188786.529631 -1.712563 2.500069 -4.153355 -0.219659 0.087734 0.330355
-1 1478188786.539447 -1.818193 2.448797 -4.221479 -0.220298 0.087633 0.334737
-1 1478188786.549395 -1.869237 2.419456 -4.22718 -0.22054 0.089046 0.335271
-1 1478188786.559601 -1.9029 2.411423 -4.167976 -0.219423 0.090564 0.333141
-1 1478188786.570248 -1.951744 2.436116 -4.093718 -0.216101 0.091613 0.330993
-1 1478188786.580198 -1.9374 2.483233 -4.06144 -0.216161 0.094794 0.328433
-1 1478188786.589693 -1.876955 2.538024 -4.065026 -0.218999 0.097506 0.325821
-1 1478188786.599750 -1.835623 2.530772 -4.053814 -0.217455 0.097625 0.326514
-1 1478188786.609905 -1.797543 2.489948 -4.054883 -0.218015 0.096983 0.32789
-1 1478188786.620506 -1.716307 2.459654 -4.073909 -0.219848 0.096377 0.328536
-1 1478188786.630290 -1.728598 2.433484 -4.095753 -0.217427 0.09277 0.331488
-1 1478188786.640150 -1.751939 2.464315 -4.147304 -0.219055 0.089486 0.329454
-1 1478188786.650197 -1.768792 2.474568 -4.194093 -0.220924 0.088761 0.327427
-1 1478188786.660260 -1.824158 2.519595 -4.197098 -0.218474 0.08962 0.326196
-1 1478188786.670425 -1.865608 2.509776 -4.160652 -0.218425 0.092997 0.326285
-1 1478188786.680657 -1.900498 2.508679 -4.078368 -0.215546 0.096356 0.326344
-1 1478188786.690425 -1.86262 2.510079 -4.000468 -0.216155 0.099384 0.325032
-1 1478188786.700369 -1.816573 2.512954 -3.948287 -0.214619 0.099293 0.324958
-1 1478188786.710552 -1.737135 2.514303 -3.939526 -0.216059 0.097917 0.32561
-1 1478188786.720761 -1.742398 2.550572 -4.001623 -0.21745 0.094409 0.326874
-1 1478188786.730835 -1.738394 2.499673 -4.056981 -0.217818 0.092107 0.329568
-1 1478188786.740798 -1.721421 2.503334 -4.106439 -0.219891 0.090853 0.328628
-1 1478188786.750866 -1.732626 2.467321 -4.139475 -0.220378 0.09131 0.329638
-1 1478188786.760827 -1.756707 2.458423 -4.145228 -0.220893 0.091251 0.331017
-1 1478188786.771079 -1.825834 2.473162 -4.133376 -0.220265 0.089898 0.333221
-1 1478188786.781271 -1.853381 2.446022 -4.108302 -0.219299 0.08957 0.335183
-1 1478188786.791004 -1.865419 2.422854 -4.071207 -0.218293 0.089367 0.335894
-1 1478188786.800934 -1.872221 2.384503 -4.049366 -0.218024 0.089911 0.335882
-1 1478188786.811080 -1.849489 2.349556 -4.032054 -0.216926 0.091144 0.335625
-1 1478188786.821320 -1.797237 2.333897 -4.031146 -0.216086 0.092708 0.336046
-1 1478188786.831518 -1.739293 2.342655 -4.046764 -0.217682 0.093057 0.33575
-1 1478188786.841306 -1.704545 2.368383 -4.052159 -0.217496 0.091274 0.335489
-1 1478188786.851417 -1.676799 2.40342 -4.087798 -0.218756 0.089668 0.333714
-1 1478188786.861599 -1.688164 2.387442 -4.120077 -0.220608 0.088216 0.335292
-1 1478188786.871739 -1.730589 2.376507 -4.15213 -0.221758 0.087762 0.339271
-1 1478188786.881818 -1.768124 2.339994 -4.184729 -0.22345 0.089134 0.342923
-1 1478188786.891656 -1.783291 2.291671 -4.190315 -0.224084 0.089051 0.346353
-1 1478188786.901726 -1.735212 2.235932 -4.191406 -0.224306 0.088004 0.348701
-1 1478188786.911948 -1.677368 2.196105 -4.209666 -0.226315 0.086461 0.35087
-1 1478188786.921991 -1.602657 2.134093 -4.245066 -0.228194 0.083308 0.355682
-1 1478188786.932012 -1.564513 2.030134 -4.320511 -0.229202 0.080176 0.361422
-1 1478188786.941846 -1.545477 1.931147 -4.416305 -0.23186 0.075999 0.366612
-1 1478188786.952045 -1.496916 1.852588 -4.516751 -0.236858 0.071512 0.37098
-1 1478188786.962077 -1.421797 1.731752 -4.620412 -0.240815 0.067935 0.377285
-1 1478188786.972170 -1.337191 1.639918 -4.745578 -0.247253 0.063181 0.381588
-1 1478188786.982473 -1.176793 1.49498 -4.872353 -0.253723 0.056854 0.384895
-1 1478188786.992210 -0.9333 1.358395 -5.069069 -0.263074 0.047462 0.385017
-1 1478188787.002335 -0.703975 1.23834 -5.388078 -0.27545 0.032835 0.384733
-1 1478188787.012385 -0.444351 1.081922 -5.758848 -0.287963 0.014761 0.386836
-1 1478188787.022741 -0.057253 0.930933 -6.21169 -0.301524 -0.002471 0.384169
-1 1478188787.032930 0.404709 0.768151 -6.763668 -0.316377 -0.021185 0.375586
-1 1478188787.042658 0.825982 0.670343 -7.389629 -0.337341 -0.047116 0.365511
-1 1478188787.052547 1.101679 0.703968 -8.089928 -0.360576 -0.080945 0.358792
-1 1478188787.062776 1.26537 0.753622 -8.808603 -0.383438 -0.117298 0.358842
-1 1478188787.072852 1.507742 0.786242 -9.470466 -0.40499 -0.152873 0.357071
-1 1478188787.083231 1.764208 0.774296 -10.103723 -0.425274 -0.192508 0.354276
-1 1478188787.092813 1.776075 0.757653 -10.775745 -0.44505 -0.239473 0.361833
-1 1478188787.102967 1.680584 0.73669 -11.458887 -0.465608 -0.283938 0.372989
-1 1478188787.112939 1.725074 0.600398 -12.105841 -0.483739 -0.319732 0.380342
-1 1478188787.123220 1.905447 0.426668 -12.736656 -0.50138 -0.35449 0.382478
-1 1478188787.133259 2.171493 0.272608 -13.361415 -0.51884 -0.395164 0.380837
-1 1478188787.143465 2.460517 0.231136 -14.004869 -0.536218 -0.443193 0.37636
-1 1478188787.153168 2.914939 0.227725 -14.7092 -0.559935 -0.497119 0.369815
-1 1478188787.163342 3.316938 0.221137 -15.558824 -0.582375 -0.559495 0.37134
-1 1478188787.173572 3.822599 0.206779 -16.524961 -0.609606 -0.626707 0.374343
-1 1478188787.183514 4.33595 0.13318 -17.600004 -0.634932 -0.695172 0.381525
-1 1478188787.193518 4.93336 0.046685 -18.722655 -0.662585 -0.763797 0.384717
-1 1478188787.203558 5.37045 -0.124964 -19.860469 -0.684913 -0.834555 0.391997
-1 1478188787.213430 5.700917 -0.222848 -21.032578 -0.709785 -0.908694 0.396182
-1 1478188787.223767 5.987594 -0.243265 -22.201968 -0.736506 -0.983732 0.395441
-1 1478188787.233751 6.219772 -0.285295 -23.33171 -0.761744 -1.061552 0.396602
-1 1478188787.243663 6.398338 -0.345878 -24.477402 -0.785303 -1.138889 0.399426
-1 1478188787.253645 6.696301 -0.41494 -25.594029 -0.806448 -1.20894 0.396398
-1 1478188787.263662 7.29229 -0.504441 -26.713929 -0.833414 -1.274775 0.381808
-1 1478188787.274112 7.839341 -0.581698 -27.938778 -0.863472 -1.343022 0.367341
-1 1478188787.284116 8.243787 -0.609925 -29.156042 -0.897131 -1.416662 0.360954
-1 1478188787.293966 8.624807 -0.595729 -30.357582 -0.92894 -1.489798 0.355272
-1 1478188787.304009 9.055893 -0.620749 -31.632596 -0.958516 -1.558427 0.340487
-1 1478188787.313981 9.457605 -0.657059 -32.97903 -0.99228 -1.629162 0.320189
-1 1478188787.324341 9.758135 -0.70765 -34.292169 -1.029752 -1.70412 0.304613
-1 1478188787.334328 9.920824 -0.709085 -35.616157 -1.067271 -1.775207 0.29503
-1 1478188787.344213 10.193333 -0.783457 -36.790977 -1.102125 -1.842009 0.28694
-1 1478188787.354187 10.602962 -0.882569 -37.887402 -1.136473 -1.910606 0.275478
-1 1478188787.364320 10.855974 -0.948261 -39.043816 -1.170629 -1.981382 0.26864
-1 1478188787.374772 11.02166 -0.976482 -40.262751 -1.206968 -2.055665 0.262909
-1 1478188787.384660 11.378451 -1.027315 -41.442586 -1.24409 -2.123311 0.244252
-1 1478188787.394685 11.667546 -0.987196 -42.659446 -1.283512 -2.188902 0.220185
-1 1478188787.404650 11.890142 -0.936663 -43.889103 -1.326317 -2.257542 0.208168
-1 1478188787.414702 12.511544 -0.843362 -44.993898 -1.371018 -2.326941 0.193808
-1 1478188787.424931 12.810748 -0.827153 -46.202097 -1.408032 -2.400814 0.191591
-1 1478188787.435003 13.090729 -0.924099 -47.333848 -1.444512 -2.47488 0.19236
-1 1478188787.445029 13.409074 -1.067655 -48.369951 -1.4798 -2.549844 0.204841
-1 1478188787.454974 13.56022 -1.214562 -49.521286 -1.511658 -2.623263 0.22889
-1 1478188787.464890 13.897497 -1.345924 -50.679427 -1.542616 -2.694683 0.242276
-1 1478188787.475383 14.289789 -1.498253 -51.761582 -1.568634 -2.76821 0.25347
-1 1478188787.485107 14.559825 -1.592088 -52.887869 -1.590976 -2.840533 0.267364
-1 1478188787.495258 14.886392 -1.617046 -53.935163 -1.613215 -2.904102 0.274485
-1 1478188787.505203 15.244028 -1.660622 -54.768824 -1.632949 -2.957742 0.278212
-1 1478188787.515372 15.23917 -1.695632 -55.515819 -1.646695 -3.003767 0.289882
-1 1478188787.525596 15.507026 -1.804147 -56.019022 -1.659423 -3.040616 0.294122
-1 1478188787.535513 15.410454 -1.961297 -56.459729 -1.664632 -3.069579 0.309445
-1 1478188787.545411 15.480157 -2.066315 -56.775086 -1.670543 -3.092464 0.316615
-1 1478188787.555428 15.652722 -2.157824 -57.032508 -1.676643 -3.111524 0.319802
-1 1478188787.565460 15.642067 -2.146147 -57.350144 -1.682551 -3.129968 0.323756
-1 1478188787.576217 15.678427 -2.122822 -57.621086 -1.688929 -3.146496 0.324843
-1 1478188787.585693 15.649441 -2.068789 -57.804785 -1.693901 -3.159522 0.32552
-1 1478188787.596095 15.510977 -2.059231 -57.898295 -1.696338 -3.169733 0.329682
-1 1478188787.606195 15.357857 -2.069558 -57.94768 -1.697481 -3.177679 0.334882
-1 1478188787.616174 15.279399 -2.087438 -57.991382 -1.69839 -3.18349 0.338553
-1 1478188787.626415 15.243281 -2.0519 -58.099921 -1.701305 -3.190837 0.338922
-1 1478188787.636402 14.991524 -1.941099 -58.298542 -1.702922 -3.198318 0.342988
-1 1478188787.646311 15.092164 -1.820979 -58.362348 -1.707456 -3.20303 0.336246
-1 1478188787.656306 15.084475 -1.666645 -58.449511 -1.711536 -3.20797 0.331126
-1 1478188787.666390 15.017937 -1.622831 -58.487283 -1.713042 -3.211545 0.331355
-1 1478188787.677066 14.884935 -1.643732 -58.531203 -1.710938 -3.21217 0.336838
-1 1478188787.686516 14.954492 -1.66452 -58.537314 -1.710878 -3.212247 0.33639
-1 1478188787.696542 15.03128 -1.722564 -58.59217 -1.711236 -3.213972 0.337124
-1 1478188787.706814 14.92958 -1.747726 -58.699255 -1.710253 -3.216215 0.342012
-1 1478188787.716703 15.148621 -1.732162 -58.691009 -1.713178 -3.21715 0.335453
-1 1478188787.727125 15.022649 -1.799876 -58.735646 -1.710316 -3.217122 0.342428
-1 1478188787.736802 15.25057 -1.856457 -58.670029 -1.711035 -3.215548 0.338521
-1 1478188787.747024 15.116152 -1.89302 -58.720441 -1.708781 -3.21578 0.344235
-1 1478188787.756908 15.18486 -1.896734 -58.761893 -1.709595 -3.216535 0.34299
-1 1478188787.767008 15.233516 -1.964548 -58.77754 -1.708928 -3.216665 0.344917
-1 1478188787.777577 15.264592 -2.121105 -58.748484 -1.706144 -3.215258 0.350289
-1 1478188787.787016 15.30072 -2.25597 -58.695676 -1.703193 -3.212874 0.354629
-1 1478188787.797226 15.344462 -2.325505 -58.673576 -1.701747 -3.211434 0.356577
-1 1478188787.807449 15.392598 -2.296341 -58.721435 -1.703132 -3.212503 0.354544
-1 1478188787.817561 15.278606 -2.2015 -58.843597 -1.70418 -3.214293 0.354919
-1 1478188787.827702 15.341068 -2.135266 -58.902576 -1.706295 -3.215295 0.351326
-1 1478188787.837315 15.398729 -2.113432 -58.907427 -1.706676 -3.215193 0.349413
-1 1478188787.847427 15.437926 -2.097731 -58.879015 -1.706324 -3.213859 0.348014
-1 1478188787.857627 15.645232 -2.10903 -58.826382 -1.707916 -3.212389 0.342739
-1 1478188787.867574 15.683721 -2.083011 -58.859117 -1.708927 -3.213359 0.341057
-1 1478188787.877931 15.687435 -2.030154 -58.924954 -1.709586 -3.214399 0.33975
-1 1478188787.887664 15.863175 -1.958411 -58.970056 -1.712903 -3.215767 0.332671
-1 1478188787.897716 15.89783 -1.880737 -59.026919 -1.715156 -3.217474 0.32897
-1 1478188787.907688 15.836295 -1.741429 -59.047131 -1.717557 -3.219089 0.324816
-1 1478188787.918170 15.610671 -1.613085 -59.056242 -1.718211 -3.220716 0.32495
-1 1478188787.928048 15.631395 -1.602489 -58.98401 -1.718301 -3.219596 0.323405
-1 1478188787.937868 15.647157 -1.648812 -58.939325 -1.716736 -3.217654 0.324862
-1 1478188787.947822 15.84248 -1.702843 -58.933208 -1.717228 -3.216593 0.322342
-1 1478188787.958001 15.751267 -1.729919 -59.06948 -1.715343 -3.217385 0.327699
-1 1478188787.968245 15.936077 -1.705574 -59.132628 -1.71695 -3.217154 0.323113
-1 1478188787.978635 16.06621 -1.615671 -59.210917 -1.719787 -3.218302 0.317175
-1 1478188787.988357 16.154014 -1.549312 -59.281884 -1.722154 -3.21976 0.312821
-1 1478188787.998495 16.226275 -1.497443 -59.284358 -1.724349 -3.220666 0.308628
-1 1478188788.008480 16.12204 -1.535847 -59.278015 -1.722272 -3.220061 0.312905
-1 1478188788.018896 16.13563 -1.581507 -59.232179 -1.720743 -3.218044 0.314078
-1 1478188788.029026 16.174032 -1.666433 -59.209035 -1.719115 -3.216575 0.316342
-1 1478188788.038668 16.286171 -1.693575 -59.203588 -1.720008 -3.216688 0.314437
-1 1478188788.048649 16.158291 -1.692355 -59.227047 -1.719083 -3.217499 0.317672
-1 1478188788.058797 16.095586 -1.631056 -59.221542 -1.719846 -3.218179 0.316504
-1 1478188788.068974 16.241555 -1.597402 -59.161678 -1.721903 -3.217694 0.311122
-1 1478188788.079105 16.184473 -1.689541 -59.185001 -1.719654 -3.217527 0.316663
-1 1478188788.089035 16.12563 -1.768659 -59.216433 -1.717749 -3.217697 0.321702
-1 1478188788.098979 16.174804 -1.850438 -59.183476 -1.715924 -3.215739 0.323874
-1 1478188788.109134 16.216765 -1.872083 -59.173291 -1.71541 -3.214761 0.32387
-1 1478188788.119323 16.252835 -1.792005 -59.226657 -1.717609 -3.216278 0.320146
-1 1478188788.129451 16.302096 -1.693633 -59.285602 -1.720174 -3.217844 0.315471
-1 1478188788.139263 16.346669 -1.597211 -59.316241 -1.722149 -3.218376 0.310931
-1 1478188788.149329 16.364466 -1.521907 -59.334722 -1.723584 -3.21883 0.307736
-1 1478188788.159430 16.374159 -1.470924 -59.353716 -1.724686 -3.219409 0.30559
-1 1478188788.169617 16.376721 -1.453141 -59.374123 -1.725346 -3.220146 0.304869
-1 1478188788.180091 16.1833 -1.440766 -59.417792 -1.723569 -3.220772 0.309847
-1 1478188788.189589 16.281601 -1.476571 -59.354933 -1.723213 -3.218907 0.308493
-1 1478188788.199630 16.37384 -1.490296 -59.302101 -1.723377 -3.217411 0.306375
-1 1478188788.209675 16.303618 -1.508965 -59.331093 -1.722282 -3.217689 0.309242
-1 1478188788.220049 16.416205 -1.517057 -59.324602 -1.723451 -3.217694 0.306507
-1 1478188788.230243 16.426168 -1.515557 -59.328168 -1.723548 -3.217596 0.306218
-1 1478188788.240180 16.306502 -1.523929 -59.338919 -1.722236 -3.217723 0.309726
-1 1478188788.250164 16.255632 -1.538742 -59.315366 -1.721565 -3.217217 0.31138
-1 1478188788.260264 16.287772 -1.54601 -59.279475 -1.722161 -3.217099 0.310216
-1 1478188788.270480 16.153831 -1.548585 -59.303692 -1.721183 -3.218434 0.313775
-1 1478188788.280590 16.253735 -1.562945 -59.269919 -1.721697 -3.217884 0.311402
-1 1478188788.290283 16.301869 -1.61787 -59.266957 -1.720864 -3.21707 0.312589
-1 1478188788.300449 16.289515 -1.690771 -59.301925 -1.719114 -3.216786 0.316257
-1 1478188788.310639 16.434175 -1.731593 -59.284086 -1.719587 -3.215969 0.314073
-1 1478188788.320755 16.45025 -1.785615 -59.273904 -1.718617 -3.215393 0.315853
-1 1478188788.331310 16.291257 -1.766804 -59.277574 -1.717564 -3.215832 0.319115
-1 1478188788.340987 16.211947 -1.74878 -59.278608 -1.717854 -3.216922 0.320149
-1 1478188788.350809 16.103293 -1.711585 -59.27139 -1.718223 -3.218266 0.32089
-1 1478188788.360924 16.108667 -1.659482 -59.235398 -1.719649 -3.218694 0.318068
-1 1478188788.371204 15.942215 -1.639993 -59.242336 -1.718657 -3.219389 0.321458
-1 1478188788.381230 16.056236 -1.707422 -59.208727 -1.718439 -3.218435 0.320908
-1 1478188788.391087 15.999594 -1.767271 -59.224423 -1.716506 -3.217915 0.325115
-1 1478188788.401053 15.967318 -1.796561 -59.186041 -1.715326 -3.216939 0.326691
-1 1478188788.410973 15.891925 -1.774439 -59.151323 -1.714943 -3.216684 0.327508
-1 1478188788.421560 15.811142 -1.745398 -59.14569 -1.715231 -3.217627 0.328077
-1 1478188788.431374 15.772291 -1.754188 -59.154217 -1.715284 -3.218449 0.329184
-1 1478188788.441250 15.756923 -1.785739 -59.151453 -1.714784 -3.21859 0.330651
-1 1478188788.451388 15.528177 -1.775074 -59.185053 -1.712802 -3.219342 0.336307
-1 1478188788.461482 15.672327 -1.773791 -59.117479 -1.714276 -3.218472 0.331834
-1 1478188788.471812 15.693108 -1.782072 -59.07769 -1.714761 -3.21854 0.331021
-1 1478188788.481951 15.619122 -1.7985 -59.108572 -1.713747 -3.218892 0.333869
-1 1478188788.491699 15.814266 -1.8279 -59.037631 -1.714721 -3.217059 0.329504
-1 1478188788.501823 15.643943 -1.874615 -59.063104 -1.711762 -3.216684 0.336339
-1 1478188788.511884 15.732761 -1.884716 -59.031003 -1.712398 -3.215739 0.334067
-1 1478188788.522062 15.799346 -1.874696 -59.020293 -1.713739 -3.215705 0.3317
-1 1478188788.532145 15.76488 -1.855638 -59.031413 -1.714218 -3.216885 0.331648
-1 1478188788.541870 15.918166 -1.865884 -58.971482 -1.715667 -3.216338 0.327419
-1 1478188788.551884 15.696548 -1.845064 -59.010281 -1.713923 -3.217598 0.332654
-1 1478188788.561981 15.745795 -1.843258 -59.001344 -1.71377 -3.21668 0.331525
-1 1478188788.572302 15.905832 -1.856207 -59.000752 -1.71499 -3.215808 0.328077
-1 1478188788.582455 15.758446 -1.846988 -59.081109 -1.713939 -3.216938 0.332246
-1 1478188788.592225 16.010323 -1.790538 -59.003329 -1.71738 -3.216106 0.322724
-1 1478188788.602159 16.037857 -1.739402 -58.955468 -1.718543 -3.215934 0.319486
-1 1478188788.612182 15.905123 -1.732102 -58.980397 -1.717715 -3.217554 0.322614
-1 1478188788.622694 16.012401 -1.786007 -58.9637 -1.718019 -3.217261 0.321741
-1 1478188788.632741 16.044465 -1.848969 -58.963582 -1.717115 -3.21686 0.323488
-1 1478188788.642541 16.229332 -1.899841 -58.892623 -1.717764 -3.215429 0.32005
-1 1478188788.652509 16.18552 -1.933059 -58.862471 -1.716678 -3.214928 0.322276
-1 1478188788.662583 16.120138 -1.912388 -58.836862 -1.716466 -3.214868 0.322754
-1 1478188788.672783 16.099084 -1.872124 -58.833336 -1.716965 -3.215045 0.321701
-1 1478188788.682837 16.128105 -1.812661 -58.862208 -1.718393 -3.21571 0.318898
-1 1478188788.692772 16.19838 -1.767083 -58.921848 -1.720237 -3.216976 0.315747
-1 1478188788.702913 16.310029 -1.724478 -58.996583 -1.722352 -3.218195 0.311839
-1 1478188788.712826 16.354828 -1.747419 -59.001596 -1.722126 -3.217764 0.311776
-1 1478188788.723053 16.290597 -1.842759 -58.93943 -1.719521 -3.216315 0.316695
-1 1478188788.733056 16.190021 -1.906319 -58.861446 -1.717042 -3.214816 0.321132
-1 1478188788.743118 16.143033 -1.850776 -58.825087 -1.717113 -3.213954 0.319964
-1 1478188788.753026 16.228171 -1.717035 -58.84933 -1.720913 -3.215509 0.312397
-1 1478188788.763239 16.306352 -1.62457 -58.945138 -1.724162 -3.217891 0.307253
-1 1478188788.773393 16.422687 -1.608091 -59.007292 -1.725654 -3.218311 0.304303
-1 1478188788.783537 16.691708 -1.638021 -58.954013 -1.726971 -3.215967 0.298534
-1 1478188788.793587 16.844127 -1.701069 -58.883838 -1.726035 -3.21322 0.297082
-1 1478188788.803526 16.936437 -1.802537 -58.802674 -1.724336 -3.211252 0.298203
-1 1478188788.813414 16.995044 -1.839486 -58.82482 -1.724246 -3.211581 0.298302
-1 1478188788.823749 17.257779 -1.846094 -58.834699 -1.727116 -3.212189 0.29167
-1 1478188788.833785 17.423526 -1.87068 -58.840552 -1.728263 -3.211994 0.28859
-1 1478188788.843756 16.786427 -2.101468 -58.962392 -1.725737 -3.204829 0.360234
-1 1478188788.853709 15.129602 -2.494324 -59.133686 -1.711954 -3.1785 0.497983
-1 1478188788.863796 13.882248 -2.725542 -58.8505 -1.693225 -3.130483 0.593545
-1 1478188788.874167 12.628964 -2.854889 -58.254363 -1.66618 -3.06904 0.670042
-1 1478188788.884191 11.46206 -2.865815 -57.35428 -1.634847 -2.993616 0.729272
-1 1478188788.894086 10.306802 -2.853751 -56.151969 -1.594968 -2.901064 0.775911
-1 1478188788.904075 9.577453 -2.829251 -54.628103 -1.550753 -2.788733 0.79742
-1 1478188788.914107 8.805278 -2.757184 -52.991992 -1.502378 -2.666232 0.803846
-1 1478188788.924666 8.048345 -2.611231 -50.866405 -1.447281 -2.527749 0.796764
-1 1478188788.934433 7.180573 -2.300374 -48.514727 -1.38579 -2.38972 0.785315
-1 1478188788.944523 6.302381 -2.018852 -46.377127 -1.327447 -2.260591 0.7742
-1 1478188788.954420 5.60754 -1.694594 -44.202507 -1.271017 -2.124479 0.747666
-1 1478188788.964476 4.763838 -1.293284 -41.680358 -1.205591 -1.98045 0.711087
-1 1478188788.974946 3.946781 -0.785266 -39.000335 -1.140375 -1.830825 0.662026
-1 1478188788.984601 3.110885 -0.217956 -36.477929 -1.083428 -1.688289 0.612518
-1 1478188788.994803 2.212119 0.39418 -34.010589 -1.031581 -1.556439 0.569797
-1 1478188789.004719 1.332783 0.881735 -31.534948 -0.976197 -1.422842 0.540338
-1 1478188789.014809 0.641716 1.204537 -29.077306 -0.918626 -1.288469 0.513383
-1 1478188789.025329 0.077033 1.552521 -26.663045 -0.863183 -1.16532 0.485144
-1 1478188789.035059 -0.408827 1.967112 -24.446759 -0.814081 -1.054226 0.457778
-1 1478188789.045024 -0.877631 2.37402 -22.500406 -0.771621 -0.954847 0.434671
-1 1478188789.055095 -1.288239 2.766017 -20.541521 -0.725161 -0.866994 0.423163
-1 1478188789.065023 -1.509757 3.058637 -18.691374 -0.680955 -0.782403 0.414435
-1 1478188789.075430 -1.830125 3.123537 -17.03895 -0.635879 -0.703144 0.415484
-1 1478188789.085129 -2.068862 3.106517 -15.448313 -0.591413 -0.633222 0.424801
-1 1478188789.095381 -2.227102 3.050286 -14.079586 -0.550791 -0.567037 0.435709
-1 1478188789.105421 -2.477618 2.935339 -12.900267 -0.511319 -0.504763 0.450539
-1 1478188789.115479 -2.694766 2.742374 -11.651917 -0.467998 -0.44513 0.461581
-1 1478188789.125758 -2.834273 2.520911 -10.517562 -0.427496 -0.386933 0.463178
-1 1478188789.135524 -3.025804 2.340688 -9.502404 -0.395745 -0.335344 0.465254
-1 1478188789.145589 -3.173852 2.173858 -8.534114 -0.365316 -0.285284 0.467786
-1 1478188789.155742 -3.252359 2.046888 -7.69959 -0.338562 -0.232127 0.468756
-1 1478188789.165804 -3.290351 1.927911 -6.912869 -0.313872 -0.181256 0.467075
-1 1478188789.176185 -3.27771 1.86652 -6.162298 -0.291199 -0.137693 0.461033
-1 1478188789.186019 -3.063702 1.837127 -5.499447 -0.271872 -0.099958 0.449624
-1 1478188789.196013 -2.790268 1.857449 -5.098084 -0.25964 -0.073937 0.43223
-1 1478188789.206069 -2.664586 1.887109 -4.837559 -0.25323 -0.061749 0.423979
-1 1478188789.216195 -2.566466 1.915647 -4.601358 -0.247791 -0.053071 0.423906
-1 1478188789.226532 -2.484222 1.909066 -4.475381 -0.241921 -0.039381 0.423131
-1 1478188789.236225 -2.436961 1.862999 -4.339107 -0.234043 -0.024036 0.419799
-1 1478188789.246418 -2.246527 1.888407 -4.192314 -0.22884 -0.01172 0.405656
-1 1478188789.256472 -1.938498 1.952442 -4.09195 -0.223464 -0.005738 0.387913
-1 1478188789.266545 -1.738532 2.129398 -4.099859 -0.222215 -0.006493 0.370082
-1 1478188789.276877 -1.786479 2.316761 -4.181146 -0.222363 -0.010969 0.355342
-1 1478188789.286552 -1.958376 2.445728 -4.251921 -0.223595 -0.011911 0.343222
-1 1478188789.296757 -2.196406 2.607071 -4.351338 -0.227201 -0.007643 0.333327
-1 1478188789.307400 -2.340108 2.693412 -4.36509 -0.231751 0.000073 0.328781
-1 1478188789.316902 -2.229114 2.750269 -4.204922 -0.231772 0.009233 0.326274
-1 1478188789.327145 -2.002641 2.790016 -4.029687 -0.228434 0.019016 0.323497
-1 1478188789.336903 -1.852086 2.840748 -3.929044 -0.225773 0.023658 0.31928
-1 1478188789.346987 -1.873664 2.901814 -3.93048 -0.226673 0.019152 0.317059
-1 1478188789.357018 -2.030215 2.918586 -4.032851 -0.229035 0.011011 0.321502
-1 1478188789.367341 -2.188463 2.831521 -4.130177 -0.229634 0.008168 0.331801
-1 1478188789.377403 -2.212668 2.621055 -4.107164 -0.227208 0.014614 0.341267
-1 1478188789.387261 -2.135227 2.430515 -3.998988 -0.22109 0.026114 0.344916
-1 1478188789.397348 -2.079158 2.298207 -3.867332 -0.215354 0.033053 0.34548
-1 1478188789.407482 -2.07356 2.263013 -3.77744 -0.212267 0.03063 0.346991
-1 1478188789.417515 -2.128625 2.277346 -3.798478 -0.214167 0.025501 0.350999
-1 1478188789.427944 -2.202667 2.31366 -3.842505 -0.213419 0.024197 0.354256
-1 1478188789.437642 -2.170764 2.35171 -3.872695 -0.213061 0.029423 0.350176
-1 1478188789.447807 -2.141045 2.409015 -3.912986 -0.215544 0.034425 0.342968
-1 1478188789.457771 -2.121962 2.491911 -3.908407 -0.217921 0.034815 0.33875
-1 1478188789.468153 -2.042626 2.521033 -3.864093 -0.217515 0.032793 0.339612
-1 1478188789.478600 -1.979666 2.483912 -3.876073 -0.217558 0.030114 0.344355
-1 1478188789.488051 -2.01503 2.447757 -3.910637 -0.218262 0.027742 0.350338
-1 1478188789.498214 -2.176001 2.418873 -3.923801 -0.217618 0.028117 0.357159
-1 1478188789.508132 -2.389276 2.377861 -3.906887 -0.216637 0.032593 0.362429
-1 1478188789.518531 -2.520061 2.331271 -3.820415 -0.213657 0.040704 0.36537
-1 1478188789.528575 -2.446976 2.222933 -3.692604 -0.209385 0.053401 0.366193
-1 1478188789.538455 -2.261252 2.123279 -3.537558 -0.202642 0.064345 0.361883
-1 1478188789.548357 -2.04157 2.152418 -3.443349 -0.200397 0.066854 0.349672
-1 1478188789.558497 -1.984997 2.262333 -3.468416 -0.201714 0.057815 0.341182
-1 1478188789.568737 -2.074148 2.404639 -3.626342 -0.2066 0.043723 0.339528
-1 1478188789.578724 -2.161231 2.502965 -3.824542 -0.211427 0.035085 0.339022
-1 1478188789.588559 -2.111876 2.499 -3.97661 -0.214125 0.036374 0.335621
-1 1478188789.598578 -1.977404 2.458845 -4.036488 -0.215375 0.041829 0.330462
-1 1478188789.608723 -1.902328 2.473233 -4.056984 -0.216881 0.043514 0.326276
-1 1478188789.619088 -1.952837 2.52024 -4.024417 -0.217263 0.040729 0.326306
-1 1478188789.629106 -2.062948 2.555096 -3.967736 -0.217084 0.038596 0.329318
-1 1478188789.638857 -2.223774 2.589703 -3.938839 -0.216226 0.040293 0.332699
-1 1478188789.649022 -2.28326 2.573639 -3.912377 -0.21578 0.04519 0.333111
-1 1478188789.659044 -2.260819 2.589732 -3.876387 -0.215715 0.04834 0.330275
-1 1478188789.669216 -2.144346 2.554577 -3.818113 -0.215352 0.050813 0.330511
-1 1478188789.679376 -2.048703 2.521234 -3.774581 -0.215553 0.05051 0.334586
-1 1478188789.689078 -2.003383 2.487502 -3.785916 -0.216406 0.044716 0.341637
-1 1478188789.699198 -2.022357 2.467002 -3.882862 -0.218311 0.036885 0.349018
-1 1478188789.709340 -2.057082 2.447184 -4.004071 -0.21908 0.031799 0.355181
-1 1478188789.719720 -2.07145 2.405066 -4.096699 -0.220561 0.032261 0.358055
-1 1478188789.729819 -2.0702 2.345202 -4.094518 -0.218725 0.036832 0.35783
-1 1478188789.739576 -2.064047 2.305454 -4.019743 -0.215411 0.042917 0.353944
-1 1478188789.749536 -2.059722 2.312035 -3.933396 -0.212932 0.04818 0.347772
-1 1478188789.759675 -2.04413 2.383259 -3.853713 -0.212216 0.050427 0.340837
-1 1478188789.769926 -2.00305 2.47922 -3.817303 -0.212409 0.050916 0.332142
-1 1478188789.780040 -1.912708 2.568821 -3.842817 -0.213979 0.050636 0.324259
-1 1478188789.789844 -1.815461 2.636731 -3.922889 -0.218689 0.048856 0.319366
-1 1478188789.800085 -1.789221 2.663822 -3.984016 -0.219561 0.044154 0.319696
-1 1478188789.809947 -1.822694 2.693643 -4.020585 -0.221689 0.040096 0.322355
-1 1478188789.820309 -1.86736 2.672298 -4.043594 -0.222252 0.038419 0.327305
-1 1478188789.830321 -1.915729 2.636495 -4.072502 -0.223182 0.037044 0.331996
-1 1478188789.840138 -1.925196 2.640783 -4.107104 -0.222581 0.035613 0.333006
-1 1478188789.850206 -1.938309 2.636385 -4.12036 -0.222588 0.036045 0.333855
-1 1478188789.860241 -1.966379 2.620641 -4.087122 -0.221602 0.038903 0.334464
-1 1478188789.870518 -1.987038 2.589896 -4.003678 -0.219791 0.042747 0.335485
-1 1478188789.880563 -2.00537 2.552152 -3.929123 -0.218355 0.045543 0.337941
-1 1478188789.890291 -1.96482 2.51592 -3.897459 -0.217741 0.04857 0.340495
-1 1478188789.900466 -1.893274 2.476534 -3.90305 -0.217471 0.050349 0.342827
-1 1478188789.910574 -1.829825 2.441274 -3.907436 -0.216861 0.049338 0.34446
-1 1478188789.920772 -1.766085 2.415174 -3.919865 -0.217265 0.048151 0.344682
-1 1478188789.930922 -1.745037 2.398429 -3.967648 -0.216078 0.047323 0.343915
-1 1478188789.940764 -1.766252 2.40094 -4.017029 -0.21599 0.047782 0.341826
-1 1478188789.950756 -1.78947 2.407697 -4.029766 -0.214301 0.047811 0.33741
-1 1478188789.960855 -1.855037 2.431181 -4.032135 -0.214822 0.048296 0.332601
-1 1478188789.971314 -1.876864 2.486507 -4.025657 -0.216222 0.050749 0.329817
-1 1478188789.981389 -1.881442 2.54535 -3.988211 -0.218237 0.053003 0.328436
-1 1478188789.991245 -1.90429 2.586895 -3.949265 -0.216645 0.053456 0.327532
-1 1478188790.001177 -1.892252 2.552841 -3.936111 -0.216388 0.054215 0.327555
-1 1478188790.011379 -1.904337 2.50372 -3.930605 -0.215256 0.053752 0.330021
-1 1478188790.021804 -1.907258 2.524379 -3.946004 -0.215814 0.051625 0.330651
-1 1478188790.031698 -1.864344 2.499756 -3.969589 -0.216057 0.051182 0.332708
-1 1478188790.041649 -1.840817 2.493369 -3.996658 -0.217801 0.050844 0.334097
-1 1478188790.051674 -1.880461 2.457995 -4.02456 -0.216925 0.051907 0.335459
-1 1478188790.061778 -1.90805 2.429307 -4.021529 -0.217633 0.052955 0.337089
-1 1478188790.072389 -1.988414 2.407565 -3.992938 -0.217039 0.051263 0.341207
-1 1478188790.081972 -2.075772 2.451058 -3.978966 -0.215758 0.051721 0.340627
-1 1478188790.092166 -2.097637 2.420217 -3.930097 -0.214071 0.056043 0.340999
-1 1478188790.101841 -2.082874 2.427016 -3.882069 -0.214729 0.059797 0.33943
-1 1478188790.112228 -1.990559 2.38232 -3.837946 -0.213619 0.062339 0.33931
-1 1478188790.122236 -1.868978 2.331209 -3.830198 -0.211579 0.061686 0.338979
-1 1478188790.132279 -1.824514 2.294641 -3.857734 -0.210742 0.059005 0.339002
-1 1478188790.142112 -1.911609 2.337866 -3.934126 -0.211917 0.056344 0.338247
-1 1478188790.152081 -2.11289 2.344205 -4.000927 -0.213017 0.053709 0.341625
-1 1478188790.162223 -2.244165 2.352132 -4.031185 -0.213779 0.054022 0.343847
-1 1478188790.172437 -2.221017 2.364999 -3.98611 -0.211238 0.058812 0.342031
-1 1478188790.182551 -2.110738 2.369707 -3.891188 -0.210737 0.066382 0.336844
-1 1478188790.192454 -2.029435 2.386042 -3.778394 -0.208571 0.072185 0.331742
-1 1478188790.202521 -1.981679 2.465154 -3.739978 -0.208764 0.072239 0.325481
-1 1478188790.212617 -1.938369 2.454739 -3.785667 -0.209402 0.068133 0.324819
-1 1478188790.222830 -1.939772 2.484873 -3.894161 -0.212399 0.06248 0.326497
-1 1478188790.232910 -1.995677 2.493946 -3.991507 -0.214883 0.059922 0.329061
-1 1478188790.242917 -2.052699 2.505406 -4.032773 -0.216523 0.06112 0.330011
-1 1478188790.252867 -2.074025 2.515438 -3.988757 -0.216469 0.063447 0.331638
-1 1478188790.262978 -2.090388 2.538335 -3.926956 -0.215832 0.064713 0.333841
-1 1478188790.273200 -2.115256 2.563226 -3.872049 -0.214875 0.065493 0.335132
-1 1478188790.283253 -2.132721 2.554051 -3.843709 -0.214459 0.066273 0.334516
-1 1478188790.293089 -2.09973 2.557247 -3.840047 -0.213512 0.067479 0.33248
-1 1478188790.303195 -2.033632 2.552798 -3.845434 -0.214037 0.06799 0.332263
-1 1478188790.313228 -1.967518 2.534015 -3.866229 -0.214717 0.066987 0.332559
-1 1478188790.323569 -1.954474 2.465978 -3.876375 -0.214379 0.064108 0.336437
-1 1478188790.333360 -1.982079 2.455965 -3.900384 -0.214725 0.06059 0.339299
-1 1478188790.343419 -2.019673 2.435289 -3.929719 -0.215172 0.059573 0.341541
-1 1478188790.353390 -2.045529 2.471898 -3.95431 -0.214634 0.059113 0.340332
-1 1478188790.363471 -2.038847 2.465386 -3.945557 -0.214057 0.060261 0.338145
-1 1478188790.373765 -2.05837 2.504809 -3.91506 -0.213585 0.061436 0.334339
-1 1478188790.383891 -2.023765 2.472916 -3.857265 -0.211648 0.063864 0.332886
-1 1478188790.393685 -1.97363 2.503231 -3.823094 -0.211847 0.064955 0.330863
-1 1478188790.403873 -1.894456 2.535256 -3.831797 -0.213727 0.064891 0.328489
-1 1478188790.413880 -1.845447 2.568807 -3.872924 -0.214927 0.062298 0.327587
-1 1478188790.424049 -1.823233 2.570177 -3.921544 -0.217535 0.05925 0.329464
-1 1478188790.434271 -1.854045 2.537019 -3.976688 -0.218266 0.057011 0.333001
-1 1478188790.444025 -1.892872 2.519194 -4.023477 -0.217529 0.056195 0.33373
-1 1478188790.454140 -1.880179 2.520834 -4.031352 -0.217445 0.056454 0.333047
-1 1478188790.464350 -1.850598 2.510969 -4.016288 -0.217915 0.057614 0.333395
-1 1478188790.474606 -1.835945 2.539992 -4.00608 -0.21717 0.059689 0.332276
-1 1478188790.484451 -1.816918 2.548606 -3.997379 -0.217216 0.061584 0.331696
-1 1478188790.494425 -1.81939 2.540394 -3.977018 -0.216894 0.062191 0.332316
-1 1478188790.504455 -1.850422 2.571325 -3.959665 -0.217547 0.062163 0.332685
-1 1478188790.514555 -1.841057 2.536655 -3.947823 -0.217317 0.062369 0.334999
-1 1478188790.524863 -1.850043 2.5253 -3.947417 -0.214602 0.061454 0.337249
-1 1478188790.534690 -1.760727 2.464996 -3.969904 -0.216084 0.062953 0.336426
-1 1478188790.544576 -1.745957 2.424775 -4.004081 -0.215524 0.06209 0.336292
-1 1478188790.554690 -1.782535 2.455964 -4.053735 -0.216788 0.06053 0.334856
-1 1478188790.564763 -1.836431 2.496198 -4.070865 -0.217184 0.060182 0.33238
-1 1478188790.575345 -1.859521 2.485484 -4.051807 -0.215436 0.060672 0.329894
-1 1478188790.584913 -1.865063 2.485469 -4.00585 -0.214951 0.061606 0.328307
-1 1478188790.595104 -1.865458 2.545268 -3.96869 -0.21519 0.06214 0.327608
-1 1478188790.605073 -1.867269 2.562264 -3.942881 -0.215668 0.064041 0.328373
-1 1478188790.615192 -1.857236 2.601293 -3.944084 -0.216345 0.065001 0.326734
-1 1478188790.625445 -1.851285 2.577179 -3.939728 -0.21655 0.065154 0.326586
-1 1478188790.635642 -1.848416 2.56585 -3.94798 -0.215767 0.065671 0.326951
-1 1478188790.645911 -1.814667 2.542237 -3.963023 -0.216815 0.067575 0.326922
-1 1478188790.656158 -1.79948 2.527147 -3.971909 -0.215813 0.068886 0.326643
-1 1478188790.665733 -1.788716 2.528338 -3.982951 -0.216063 0.069616 0.326549
-1 1478188790.676322 -1.788031 2.555354 -3.99564 -0.216844 0.069853 0.326621
-1 1478188790.685867 -1.81985 2.533224 -3.990788 -0.215102 0.069851 0.328029
-1 1478188790.695918 -1.843066 2.543392 -4.000127 -0.216083 0.070422 0.327689
-1 1478188790.706050 -1.900517 2.533362 -4.013212 -0.216343 0.071679 0.329766
-1 1478188790.716073 -1.927877 2.501535 -3.999865 -0.215894 0.073445 0.332139
-1 1478188790.726391 -1.91558 2.532644 -3.985291 -0.216572 0.074346 0.332338
-1 1478188790.736210 -1.865837 2.487872 -3.964144 -0.216459 0.074661 0.333891
-1 1478188790.746233 -1.84583 2.499679 -3.973166 -0.216646 0.0719 0.333052
-1 1478188790.756386 -1.866777 2.498552 -3.976066 -0.215539 0.068505 0.333032
-1 1478188790.766367 -1.829864 2.489987 -3.980675 -0.214915 0.066099 0.33147
-1 1478188790.776753 -1.847046 2.511568 -4.011827 -0.215567 0.06276 0.329954
-1 1478188790.786533 -1.90684 2.51596 -4.089079 -0.218297 0.057116 0.330937
-1 1478188790.796660 -2.04068 2.514142 -4.167401 -0.219889 0.050226 0.334395
-1 1478188790.806675 -2.165343 2.518102 -4.229788 -0.22145 0.049725 0.33786
-1 1478188790.816789 -2.232363 2.527361 -4.228476 -0.222886 0.057586 0.339358
-1 1478188790.826993 -2.184344 2.491273 -4.099804 -0.218634 0.068486 0.33653
-1 1478188790.836865 -2.108272 2.511364 -3.925382 -0.216133 0.074278 0.331015
-1 1478188790.847193 -2.104883 2.62425 -3.803363 -0.21415 0.073874 0.327001
-1 1478188790.856961 -2.098262 2.665432 -3.762477 -0.213949 0.072215 0.325844
-1 1478188790.867058 -2.02599 2.653905 -3.783957 -0.2128 0.070875 0.324728
-1 1478188790.877271 -1.942479 2.662697 -3.877647 -0.216455 0.069637 0.321592
-1 1478188790.887076 -1.923517 2.62386 -3.952786 -0.217661 0.066625 0.324092
-1 1478188790.897177 -1.913053 2.514748 -3.994779 -0.21749 0.065865 0.328271
-1 1478188790.907385 -1.999451 2.467178 -4.016039 -0.217866 0.064756 0.333188
-1 1478188790.917337 -2.137948 2.396561 -3.971262 -0.216814 0.064497 0.343314
-1 1478188790.927697 -2.271748 2.381185 -3.923225 -0.214788 0.066406 0.350291
-1 1478188790.937296 -2.349544 2.389927 -3.900551 -0.213707 0.07025 0.351573
-1 1478188790.947624 -2.296598 2.338393 -3.85748 -0.212429 0.076105 0.349908
-1 1478188790.957627 -2.177682 2.337826 -3.78636 -0.210186 0.08199 0.346218
-1 1478188790.967985 -2.035157 2.328654 -3.753957 -0.208749 0.08416 0.342622
-1 1478188790.977974 -1.933872 2.352924 -3.811312 -0.210671 0.079162 0.339691
-1 1478188790.987885 -1.91914 2.353571 -3.922195 -0.212707 0.070946 0.34144
-1 1478188790.998018 -1.942581 2.38134 -4.065501 -0.214554 0.066468 0.341603
-1 1478188791.008006 -1.979605 2.417147 -4.155949 -0.216314 0.066652 0.338267
-1 1478188791.018240 -1.958082 2.421055 -4.140391 -0.216103 0.068969 0.331557
-1 1478188791.028463 -1.969615 2.470857 -4.054218 -0.214898 0.071613 0.326057
-1 1478188791.038090 -1.971346 2.495263 -3.958031 -0.212799 0.075106 0.323868
-1 1478188791.048202 -1.966762 2.550363 -3.890929 -0.213784 0.077279 0.321351
-1 1478188791.058108 -1.993217 2.619196 -3.858835 -0.21428 0.076695 0.320673
-1 1478188791.068743 -1.961592 2.702549 -3.900497 -0.218878 0.074353 0.319396
-1 1478188791.078647 -1.917312 2.693695 -3.958559 -0.218844 0.071478 0.322927
-1 1478188791.088365 -1.837873 2.665996 -4.03476 -0.221386 0.068984 0.323975
-1 1478188791.098371 -1.820438 2.592649 -4.090708 -0.219999 0.065873 0.329052
-1 1478188791.108545 -1.827132 2.524251 -4.136238 -0.222469 0.06385 0.335147
-1 1478188791.118714 -1.888504 2.445298 -4.135229 -0.220381 0.062634 0.342576
-1 1478188791.128724 -1.952712 2.398875 -4.120822 -0.217619 0.063858 0.34511
-1 1478188791.138771 -1.975831 2.365182 -4.075885 -0.21544 0.066269 0.344387
-1 1478188791.148679 -1.963148 2.341015 -4.021766 -0.216181 0.069922 0.342395
-1 1478188791.158711 -1.984243 2.355372 -3.950355 -0.213385 0.072836 0.340987
-1 1478188791.168975 -1.971329 2.366273 -3.880685 -0.211729 0.075752 0.340466
-1 1478188791.179134 -1.901223 2.388746 -3.859877 -0.212571 0.07653 0.337229
-1 1478188791.188895 -1.832018 2.415215 -3.890326 -0.215084 0.074068 0.333776
-1 1478188791.199065 -1.784916 2.453995 -3.938991 -0.213802 0.070278 0.332454
-1 1478188791.209008 -1.739765 2.497214 -4.031247 -0.216636 0.068938 0.328036
-1 1478188791.219637 -1.762359 2.495322 -4.112346 -0.21701 0.068281 0.326131
-1 1478188791.229566 -1.811144 2.545062 -4.143722 -0.219047 0.066682 0.323278
-1 1478188791.239511 -1.883863 2.571005 -4.111926 -0.218337 0.066364 0.323023
-1 1478188791.249540 -1.950863 2.625731 -4.090222 -0.219671 0.067399 0.322539
-1 1478188791.259847 -1.994373 2.682858 -4.058575 -0.220418 0.068902 0.321123
-1 1478188791.269873 -1.97727 2.698828 -4.004662 -0.219439 0.072382 0.319385
-1 1478188791.279966 -1.907356 2.672084 -3.948769 -0.21985 0.076022 0.319964
-1 1478188791.289787 -1.860806 2.651906 -3.897491 -0.218579 0.077021 0.323276
-1 1478188791.300056 -1.803029 2.620407 -3.88703 -0.220478 0.077597 0.32663
-1 1478188791.310072 -1.757616 2.590079 -3.910555 -0.22092 0.075511 0.330467
-1 1478188791.320312 -1.74728 2.505386 -3.943642 -0.2181 0.07346 0.335236
-1 1478188791.330411 -1.772996 2.464174 -4.00391 -0.216934 0.072913 0.336837
-1 1478188791.341436 -1.818449 2.417932 -4.043749 -0.216186 0.072736 0.337466
-1 1478188791.351514 -1.868196 2.361288 -4.05389 -0.21552 0.07342 0.337751
-1 1478188791.360509 -1.94491 2.345312 -4.052922 -0.213501 0.075691 0.337675
-1 1478188791.371512 -1.970008 2.366157 -4.024211 -0.212784 0.079426 0.335077
-1 1478188791.380789 -1.941116 2.389238 -3.969891 -0.213175 0.08157 0.332685
-1 1478188791.390578 -1.906514 2.396994 -3.927974 -0.212357 0.081266 0.330797
-1 1478188791.400599 -1.868141 2.445106 -3.913269 -0.212787 0.079692 0.327472
-1 1478188791.410659 -1.811138 2.453091 -3.930027 -0.212297 0.078572 0.325531
-1 1478188791.420891 -1.781149 2.490434 -3.987024 -0.214097 0.076756 0.321758
-1 1478188791.431112 -1.79537 2.494105 -4.033539 -0.214233 0.074376 0.32171
-1 1478188791.440835 -1.848186 2.550556 -4.093967 -0.215847 0.073145 0.320504
-1 1478188791.450777 -1.901543 2.523069 -4.126606 -0.218431 0.073887 0.323171
-1 1478188791.460882 -1.963365 2.55855 -4.116097 -0.219444 0.074205 0.326741
-1 1478188791.471202 -2.021713 2.559035 -4.073638 -0.219391 0.075477 0.330377
-1 1478188791.481223 -2.038693 2.517714 -4.005086 -0.217039 0.077577 0.332366
-1 1478188791.491001 -2.015468 2.486135 -3.945198 -0.21538 0.080071 0.333939
-1 1478188791.501126 -1.968204 2.453484 -3.920495 -0.217036 0.083121 0.335267
-1 1478188791.511210 -1.942878 2.431917 -3.892027 -0.214682 0.083602 0.337808
-1 1478188791.521327 -1.91213 2.409025 -3.903817 -0.2152 0.083417 0.338635
-1 1478188791.531487 -1.91383 2.406914 -3.931702 -0.213506 0.081505 0.338288
-1 1478188791.541294 -1.927581 2.398474 -3.94983 -0.214442 0.079143 0.33848
-1 1478188791.551347 -1.917865 2.387981 -3.983938 -0.215792 0.079222 0.338825
-1 1478188791.561248 -1.958276 2.421433 -4.006961 -0.214994 0.079736 0.337895
-1 1478188791.571728 -1.961328 2.431096 -3.972329 -0.214193 0.080048 0.335028
-1 1478188791.581814 -1.955365 2.462406 -3.933884 -0.21463 0.08028 0.331652
-1 1478188791.591521 -1.939542 2.511103 -3.91118 -0.214854 0.081595 0.329209
-1 1478188791.601613 -1.921946 2.546637 -3.889648 -0.213902 0.082629 0.326922
-1 1478188791.611762 -1.866883 2.545297 -3.893222 -0.214568 0.083112 0.324068
-1 1478188791.622737 -1.848128 2.590582 -3.921645 -0.215391 0.08081 0.322258
-1 1478188791.632557 -1.85248 2.590183 -3.948085 -0.216657 0.07775 0.323773
-1 1478188791.642482 -1.877861 2.591872 -3.974502 -0.216894 0.075192 0.326153
-1 1478188791.652304 -1.914602 2.621387 -4.006335 -0.219073 0.073002 0.327643
-1 1478188791.662103 -1.929908 2.577688 -4.010248 -0.218638 0.072047 0.33114
-1 1478188791.672235 -1.994504 2.540205 -4.01701 -0.217852 0.071487 0.333777
-1 1478188791.682588 -1.999015 2.495526 -4.017128 -0.216996 0.073134 0.335617
-1 1478188791.692232 -2.002814 2.452746 -3.993671 -0.21516 0.074628 0.338084
-1 1478188791.702362 -1.98042 2.417561 -3.959651 -0.214492 0.075752 0.33871
-1 1478188791.712382 -1.933544 2.421045 -3.935599 -0.213873 0.075778 0.337693
-1 1478188791.722740 -1.885015 2.371905 -3.92734 -0.214431 0.075836 0.337764
-1 1478188791.732851 -1.857786 2.360172 -3.946168 -0.213592 0.075393 0.336681
-1 1478188791.742618 -1.818258 2.352136 -3.981107 -0.214038 0.075962 0.335332
-1 1478188791.752570 -1.800591 2.374436 -4.021432 -0.213868 0.076659 0.333385
-1 1478188791.762620 -1.802301 2.400195 -4.044091 -0.213971 0.076329 0.331094
-1 1478188791.772999 -1.793026 2.448786 -4.041007 -0.214732 0.07577 0.329241
-1 1478188791.783049 -1.792538 2.509453 -4.016482 -0.215697 0.0751 0.328194
-1 1478188791.792896 -1.80118 2.562903 -3.995991 -0.216091 0.075141 0.326451
-1 1478188791.802881 -1.801434 2.583438 -3.982896 -0.21564 0.076263 0.323003
-1 1478188791.812974 -1.839239 2.590088 -3.972239 -0.215284 0.075809 0.320623
-1 1478188791.823339 -1.876595 2.587519 -3.984477 -0.215945 0.075209 0.321428
-1 1478188791.833368 -1.86804 2.595461 -3.987844 -0.216844 0.075559 0.322234
-1 1478188791.843303 -1.851722 2.625422 -3.99841 -0.217277 0.075471 0.322477
-1 1478188791.853269 -1.828093 2.592315 -4.005848 -0.218046 0.075406 0.324957
-1 1478188791.863377 -1.836986 2.560562 -3.99244 -0.21753 0.074413 0.328536
-1 1478188791.873804 -1.84322 2.544293 -3.985619 -0.217531 0.07374 0.331057
-1 1478188791.883768 -1.853275 2.538803 -3.994747 -0.217672 0.073465 0.33167
-1 1478188791.894017 -1.887259 2.511798 -4.000236 -0.217094 0.07395 0.333526
-1 1478188791.903619 -1.876483 2.464958 -4.012947 -0.217183 0.076229 0.334753
-1 1478188791.914288 -1.887265 2.43126 -4.007407 -0.215189 0.077421 0.334694
-1 1478188791.924535 -1.857881 2.421039 -3.988908 -0.215405 0.078539 0.333763
-1 1478188791.934720 -1.834693 2.434051 -3.975566 -0.214551 0.078879 0.333463
-1 1478188791.944159 -1.811616 2.438361 -3.961137 -0.213248 0.078338 0.332257
-1 1478188791.954578 -1.796083 2.457204 -3.985734 -0.214344 0.077938 0.329014
-1 1478188791.964245 -1.784918 2.465268 -4.010271 -0.214389 0.077826 0.326747
-1 1478188791.974507 -1.789727 2.461925 -4.021937 -0.213334 0.077266 0.325399
-1 1478188791.984583 -1.806569 2.476179 -4.058475 -0.21445 0.077464 0.322309
-1 1478188791.994343 -1.807883 2.50858 -4.083318 -0.215131 0.077975 0.319823
-1 1478188792.004898 -1.812489 2.494628 -4.076742 -0.214917 0.078621 0.320063
